50	50	2
9	9	3
11	11	1128
30	30	6
31	31	2182460
27	27	192
28	28	1
18	18	128
0	0	2
6	6	64
13	13	2
12	12	1
16	16	1
15	15	1
19	19	1
45	45	2
52	52	376000
51	51	6
9	8	1
11	10	1128
31	30	536
70	71	189878
30	31	6
27	26	192
28	29	1
18	19	128
1	0	2
0	1	2
6	7	64
13	12	1
12	13	4
16	17	1
15	14	1
19	18	17
45	44	3
50	51	1
49	48	1
52	53	282000
51	50	6
9	11	3
11	9	188000
30	28	6
31	29	2182460
27	25	192
28	30	4
18	16	128
1	3	4
0	2	2
6	4	36
13	15	376
12	14	4
16	18	377
15	13	1
19	17	1
45	47	2
48	50	1
52	54	31256
51	49	6
9	10	3
16	19	285
11	8	750
30	29	6
31	28	7367097
27	24	192
28	31	3
18	17	128
1	2	4
0	3	2
7	4	4
6	5	64
13	14	377
12	15	4
15	12	1
19	16	1
36	39	1
45	46	2
49	50	1
48	51	1
52	55	31256
51	48	6
9	13	3
10	14	4
11	15	1
69	65	7
30	26	3
31	27	5184637
27	31	3
28	24	1
1	5	2
0	4	2
7	3	62
6	2	36
13	9	1
12	8	4
16	20	1
15	11	1
36	32	1
45	41	3
50	54	31
48	52	1
52	48	94000
51	55	6
52	49	24576
9	12	3
10	15	642
11	14	181476
31	26	537
69	64	7
30	27	3
27	30	3
28	25	1
1	4	2
0	5	2
7	2	62
6	3	36
13	8	4
12	9	4
16	21	1504
15	10	1
36	33	1
45	40	3
50	55	1
49	52	1
48	53	1
51	54	6
52	50	6143
9	15	3
11	13	639
30	24	3
31	25	522
27	29	192
28	26	4
0	6	2
7	1	62
6	0	36
12	10	1
16	22	752
15	9	4
36	34	1
45	43	3
51	53	6
11	12	3
9	14	3
30	25	3
31	24	522
27	28	192
28	27	1
1	6	2
0	7	2
7	0	64
6	1	36
13	10	1
12	11	1
16	23	94376
15	8	4
19	20	3
36	35	1
45	42	3
50	53	1
49	54	4
52	51	94000
51	52	6
9	1	1
10	2	1500
30	22	3
31	23	522
27	19	192
24	16	3
18	26	1
0	8	2
8	0	62
6	14	62
13	5	4
12	4	1
16	24	376000
15	7	4
45	37	3
52	60	9801
51	59	6
9	0	1
10	3	94750
30	23	3
31	22	528
27	18	192
24	17	3
25	16	4
18	27	1
0	9	2
6	15	62
13	4	5
12	5	1
16	25	282000
15	6	4
45	36	3
49	56	4
52	61	262469
51	58	6
9	3	1
10	0	4
30	20	3
31	21	6
27	17	192
24	18	3
1	11	2
0	10	2
6	12	62
13	7	4
12	6	1
16	26	564000
15	5	3
45	39	3
50	56	1
49	59	4
48	58	1
52	62	282000
51	57	6
9	2	1
10	1	753
11	0	750
30	21	3
31	20	73
27	16	192
24	19	3
0	11	2
6	13	62
13	6	5
12	7	4
16	27	282000
15	4	3
45	38	3
49	58	8
48	59	1
52	63	282000
51	56	6
9	5	1
10	6	1
70	74	189878
30	18	3
31	19	595
27	23	3
28	16	1
18	30	1
0	12	2
6	10	64
11	7	120984
13	1	1
12	0	1
16	28	1128
15	3	1
36	40	1
45	33	1
50	62	4
49	61	68
48	60	1
52	56	282000
51	63	6
9	4	1
52	57	767
70	75	189878
30	19	3
31	18	79
27	22	3
28	17	4
18	31	4
1	12	2
0	13	2
6	11	64
11	6	639
13	0	1
12	1	1
16	29	564000
15	2	1
36	41	1
45	32	1
50	63	2
48	61	1
51	62	6
9	7	1
10	4	3102000
11	5	188000
1	15	2
70	72	189878
30	16	3
31	17	618
27	21	3
28	18	4
18	28	1
0	14	2
6	8	64
14	0	1
13	3	5
12	2	1
16	30	282000
15	1	1
36	42	1
45	35	3
50	60	1
52	58	282000
51	61	6
9	6	1
11	4	639
10	5	1
70	73	189878
30	17	3
31	16	96
27	20	3
28	19	3
18	29	1
1	14	2
0	15	2
6	9	64
14	1	376
13	2	5
12	3	1
16	31	94000
15	0	1
46	33	1
45	34	1
49	62	64
52	59	262469
51	60	6
50	34	1
9	25	750
1	17	2
70	86	1128
30	14	3
31	15	96
27	11	3
28	12	68
24	8	3
25	9	4
21	5	1
0	16	2
10	26	120984
12	28	4
17	1	3
16	0	1
15	31	3
20	4	4
19	3	2
18	2	2
52	36	9956
51	35	6
17	0	1
9	24	750
1	16	2
70	87	189878
30	15	3
31	14	102
27	10	3
28	13	68
24	9	3
25	8	1
21	4	1
0	17	2
10	27	604920
12	29	4
16	1	1
15	30	3
20	5	1
19	2	2
18	3	2
49	32	1
52	37	9522
51	34	6
9	27	750
70	84	2256
30	12	3
31	13	6
27	9	3
28	14	352
24	10	3
25	11	3
21	7	1
22	4	1
23	5	1
1	19	2
0	18	2
10	24	121552
12	30	4
17	3	94000
16	2	5
15	29	3
19	1	2
18	0	2
48	34	1
51	33	6
9	26	750
70	85	2256
30	13	3
31	12	6
27	8	3
28	15	1
24	11	3
25	10	3
21	6	1
23	4	1
1	18	2
0	19	2
10	25	241968
12	31	4
17	2	1128
16	3	4
15	28	3
19	0	2
18	1	2
49	34	1
48	35	1
52	39	56314
51	32	6
9	29	750
30	10	3
31	11	6
28	8	192
24	12	1
25	13	3
21	1	1
22	2	1
23	3	1
18	6	2
0	20	2
6	18	62
10	30	5265
12	24	1
17	5	1
16	4	3
15	27	3
20	0	2
19	7	128
48	36	1
52	32	2017152
51	39	6
9	28	750
70	83	2256
30	11	3
31	10	6
28	9	6
24	13	1
25	12	3
21	0	1
22	3	1
23	2	1
18	7	128
2	23	2
1	20	2
0	21	2
10	31	42120
12	25	1
17	4	1
16	5	1
15	26	3
20	1	1
19	6	128
49	36	1
48	37	1
52	33	9956
51	38	6
9	31	750
52	34	4
21	3	537
22	0	537
23	1	537
70	80	189878
30	8	3
31	9	6
28	10	6
24	14	1
25	15	3
0	22	2
6	16	62
10	28	4355424
12	26	1
16	6	1
15	25	3
20	2	4
19	5	128
18	4	2
49	39	1
51	37	6
9	30	750
21	2	537
70	81	2256
30	9	3
28	11	6
24	15	1
25	14	3
22	1	1
23	0	1
0	23	2
6	17	62
10	29	4355424
12	27	4
16	7	4
15	24	3
20	3	4
19	4	130
18	5	2
49	38	1
52	35	9956
51	36	6
9	17	3
10	18	376000
70	94	6
30	6	1
27	3	3
28	4	192
24	0	1
25	1	1
26	2	3
1	25	2
0	24	4
11	19	1
12	20	4
16	8	3
15	23	3
19	11	1
49	41	4
52	44	56314
51	43	3
52	45	6143
9	16	3
10	19	1692000
11	18	3
70	95	13
30	7	3
27	2	3
28	5	3
24	1	1
25	0	1
26	3	3
0	25	4
12	21	4
16	9	3
15	22	3
19	10	1
45	52	1
49	40	1
51	42	3
52	46	24572
9	19	3
10	16	1316
11	17	3
30	4	1
27	1	694
28	6	3
24	2	1
25	3	1
26	0	3
18	8	128
1	27	2
0	26	4
6	28	30
12	22	4
16	10	3
15	21	3
19	9	1
48	42	1
51	41	3
52	47	6143
9	18	3
10	17	188752
11	16	3
70	93	10
30	5	1
27	0	694
28	7	195
24	3	1
25	2	1
26	1	3
2	25	2
1	26	2
0	27	4
12	23	4
16	11	3
15	20	3
19	8	128
49	42	3
48	43	1
51	40	6
9	21	750
70	90	6
30	2	1
27	7	3
28	0	694
29	1	3
24	4	1
25	5	1
26	6	1
21	9	1
2	30	2
1	29	2
6	26	30
10	22	642
12	16	1
16	12	195
15	19	1
19	15	4
45	49	1
48	44	1
52	40	2300
51	47	6
9	20	3
70	91	4
30	3	1
31	2	3
27	6	3
24	5	1
25	4	1
26	7	1
21	8	1
18	15	128
6	27	30
11	22	3
10	23	1278
13	16	376
12	17	1
16	13	192
15	18	1
19	14	4
45	48	2
49	44	3
48	45	1
52	41	138601
51	46	6
9	23	750
10	20	13536000
70	88	6
30	0	1
31	1	4
27	5	3
28	2	3
29	3	1
24	6	1
25	7	1
26	4	1
6	24	30
11	21	3
12	18	1
16	14	1
15	17	1
19	13	68
45	51	1
49	47	6
52	42	82287
51	45	6
9	22	750
70	89	6
30	1	1
31	0	1
27	4	3
28	3	195
24	7	1
25	6	1
26	5	1
2	29	2
1	30	2
6	25	30
11	20	3
10	21	4
12	19	4
16	15	1
15	16	1
19	12	4
45	50	1
49	46	6
52	43	3164
51	44	3
9	41	94000
10	42	4
2	34	2
42	10	381
37	5	1
70	102	6
30	62	618
31	63	94000
27	59	4
0	32	2
15	47	3
36	4	1
46	14	1
45	13	3
48	16	1
52	20	96
51	19	3
9	40	94000
10	43	1131
42	11	381
70	103	2
30	63	618
31	62	282000
27	58	64
2	35	2
0	33	2
15	46	3
37	4	1
36	5	1
40	9	1
45	12	3
49	16	1
48	17	1
52	21	54
51	18	3
9	43	3008000
18	48	1
10	40	702
42	8	27
37	7	1
70	100	2
30	60	618
31	61	376000
27	57	64
2	32	2
0	34	2
6	36	1
15	45	3
36	6	1
46	12	1
45	15	3
49	19	1
48	18	1
52	22	139
51	17	3
9	42	3008000
10	41	5616
2	33	2
42	9	27
37	6	1
70	101	2
30	61	618
27	56	64
0	35	2
15	44	3
36	7	4
40	11	1
46	13	1
45	14	3
49	18	1
48	19	1
52	23	1611
51	16	3
9	45	3008000
10	46	1128
70	98	2
30	58	618
32	4	4
27	63	4
1	37	2
6	34	1
15	43	3
38	2	1
37	1	1
36	0	1
40	12	1
42	14	1
46	10	3
45	9	1
49	21	1
53	17	1
52	16	79
51	23	3
9	44	3008000
10	47	283128
70	99	2
30	59	618
31	58	94000
32	5	6
27	62	4
18	55	2
2	39	2
6	35	1
15	42	3
37	0	1
36	1	1
40	13	1
42	15	1
47	10	1
46	11	4
45	8	1
49	20	1
52	17	595
51	22	3
9	47	3008000
10	44	1128
32	6	537
70	96	12
30	56	96
27	61	4
2	36	2
1	39	2
15	41	3
38	0	1
37	3	5
36	2	1
40	14	1
39	1	377
42	12	1
47	9	2
46	8	3
45	11	1
49	23	1
52	18	73
51	21	3
9	46	3008000
10	45	2256
32	7	536
70	97	6
30	57	618
27	60	4
25	62	1
2	37	2
1	38	2
6	33	1
15	40	3
38	1	1
37	2	5
36	3	1
39	0	377
42	13	1
47	8	3
46	9	3
45	10	1
49	22	1
52	19	102
51	20	3
9	33	94000
32	8	4
10	34	1500
1	41	2
43	3	408
58	18	94376
30	54	96
27	51	64
18	58	2
2	42	2
12	36	376
15	39	3
37	13	1
36	12	1
40	0	1
42	2	876
47	7	3
46	6	3
45	5	3
50	26	4
49	25	3
48	24	1
52	28	662812
51	27	1
9	32	94000
10	35	188752
1	40	2
43	2	27
58	19	376000
30	55	96
32	9	1
27	50	64
18	59	2
2	43	2
12	37	376
15	38	3
36	13	4
41	0	377
40	1	1
42	3	876
47	6	1
46	7	3
45	4	3
50	27	4
49	24	4
48	25	1
52	29	2679962
51	26	1
9	35	94000
50	24	1
10	32	4
58	16	1504
30	52	96
32	10	282000
27	49	64
18	56	2
2	40	2
15	37	192
36	14	4
40	2	377
42	0	1
47	5	1
46	4	4
45	7	3
49	27	3
48	26	1
52	30	2017152
51	25	1
9	34	94000
10	33	753
52	31	493
1	42	2
58	17	752
30	53	96
32	11	262469
27	48	4
18	57	2
2	41	2
15	36	192
36	15	4
40	3	377
43	0	876
42	1	1
47	4	1
46	5	3
45	6	3
50	25	4
48	27	1
51	24	1
9	37	94000
10	38	1692000
1	45	2
58	22	94000
30	50	96
31	51	281997
32	12	6206
27	55	64
2	46	2
12	32	4
15	35	192
36	8	4
40	4	377
44	0	876
47	3	3
46	2	1
45	1	1
49	29	3
48	28	1
52	24	6
51	31	6
9	36	94000
10	39	7520000
2	47	2
44	1	381
37	8	1
1	44	2
58	23	376
30	51	96
31	50	282000
32	13	2179097
27	54	64
12	33	4
15	34	192
36	9	4
40	5	376
47	2	3
46	3	1
45	0	1
50	31	3
48	29	1
52	25	39
51	30	6
9	39	94000
10	36	376000
58	20	564000
30	48	96
31	49	2179097
32	14	2179097
27	53	64
18	60	2
1	47	2
12	34	1
15	33	3
36	10	1
44	2	1
42	4	876
47	1	3
46	0	1
45	3	1
49	31	1
52	26	36
51	29	6
9	38	94000
10	37	188000
1	46	2
58	21	564000
30	49	96
31	48	2179097
32	15	281997
27	52	64
2	45	2
12	35	1
15	32	3
36	11	1
44	3	1
43	4	1
42	5	876
47	0	3
46	1	1
45	2	1
52	27	36
51	28	1
10	58	260
9	57	3008000
36	20	1
2	50	2
59	11	3
30	46	6
31	47	2179097
27	43	4
18	34	4
1	49	1
16	32	11
15	63	376
37	21	1
45	29	3
49	1	17
48	0	1
53	5	3164
52	4	4
51	3	1
9	56	3008000
10	59	4
36	21	1
2	51	2
59	10	1
30	47	6
31	46	5959327
27	42	4
18	35	4
1	48	1
15	62	376
46	31	1
45	28	9
49	0	1
48	1	1
53	4	2300
52	5	7
51	2	1
53	7	6143
10	56	20493
9	59	3008000
2	48	2
36	22	1
30	44	6
31	45	2179097
27	41	4
18	32	4
1	51	1
15	61	376
46	28	2
45	31	3
48	2	16
52	6	6
51	1	1
53	6	6143
10	57	8
9	58	3008000
36	23	1
2	49	2
30	45	6
31	44	6206
27	40	4
18	33	4
15	60	376
37	22	1
46	29	1
45	30	3
49	2	1
48	3	16
52	7	6
51	0	1
9	61	3008000
10	62	182115
36	16	1
30	42	6
31	43	2180354
32	20	282000
27	47	4
28	40	3
18	38	64
2	54	1
1	53	1
15	59	376
46	26	3
45	25	3
48	4	1
53	1	6
52	0	1
51	7	3
9	60	3008000
10	63	362952
36	17	1
30	43	6
31	42	17766000
32	21	1
27	46	4
18	39	64
2	55	1
1	52	1
15	58	376
37	16	1
46	27	3
45	24	3
49	4	1
48	5	1
53	0	4
52	1	1
51	6	1
9	63	3008000
53	3	4
10	60	642
36	18	1
2	52	2
59	13	3
30	40	6
31	41	18048000
27	45	4
18	36	4
1	55	1
15	57	376
46	24	3
45	27	9
48	6	1
52	2	1
51	5	1
9	62	3008000
10	61	1278
53	2	493
36	19	1
59	12	3
30	41	6
31	40	262469
27	44	4
28	43	1
18	37	64
1	54	1
15	56	376
46	25	3
45	26	9
49	6	1
48	7	1
52	3	1
51	4	1
9	49	3008000
10	50	5640000
0	56	2
69	125	6
60	4	6
57	1	376
59	3	94000
30	38	6
31	39	282000
27	35	3
28	36	1
18	42	64
2	58	1
15	55	376
46	22	9
45	21	3
48	8	1
53	13	53302
52	12	102
51	11	3
9	48	3008000
10	51	1128
0	57	2
69	124	6
60	5	6
57	0	376
59	2	1128
30	39	6
31	38	282000
27	34	3
28	37	1
18	43	1
1	56	1
15	54	376
46	23	4
45	20	1
49	8	1
48	9	1
53	12	56229
52	13	96
51	10	3
9	51	3008000
10	48	1410000
0	58	2
69	127	6
60	6	8
58	0	376
30	36	6
31	37	282000
27	33	3
28	38	1
18	40	64
2	56	1
1	59	1
15	53	376
36	30	1
46	20	3
45	23	3
50	8	1
52	14	96
51	9	3
9	50	3008000
10	49	5640000
0	59	2
69	126	6
60	7	8
30	37	6
31	36	1243471
27	32	3
28	39	4
18	41	64
1	58	1
15	52	376
36	31	1
46	21	3
45	22	3
49	10	1
52	15	618
51	8	3
10	54	19872
9	53	3008000
53	9	767
0	60	2
36	24	1
60	0	2
61	1	4
30	34	6
31	35	282000
27	39	4
28	32	3
18	46	16
15	51	1
37	25	1
46	18	4
52	8	6
51	15	3
10	55	624
9	52	3008000
18	47	1
0	61	2
36	25	1
63	2	12
60	1	2
61	0	2
30	35	6
31	34	1
32	29	1
27	38	3
28	33	1
2	63	1
1	60	1
15	50	1
46	19	3
49	12	1
53	8	31256
52	9	6
51	14	3
10	52	2760
9	55	3008000
31	33	4
0	62	2
36	26	1
63	1	12
60	2	2
61	3	2
62	0	6
30	32	6
27	37	3
18	44	1
15	49	377
37	27	1
46	16	1
45	19	1
48	14	1
53	11	598990
52	10	6
51	13	3
10	53	19872
9	54	3008000
36	27	1
63	0	12
60	3	2
61	2	2
62	1	8
30	33	6
31	32	19902
27	36	3
28	35	1
18	45	16
15	48	377
37	26	1
46	17	1
45	18	1
49	14	1
48	15	1
53	10	9801
52	11	6
51	12	3
9	73	94000
10	74	26568
66	2	1
69	5	52
70	6	52
71	7	6
67	3	6171
30	94	6
27	91	3
25	89	1
2	66	1
15	79	1128
51	115	6
9	72	94000
10	75	54
66	3	1
69	4	52
70	7	6
30	95	6
27	90	1
25	88	1
2	67	1
15	78	1128
49	112	1
51	114	6
9	75	750
10	72	3690
69	7	22
70	4	53
71	5	6
66	0	6171
30	92	6
27	89	1
25	91	1
2	64	1
15	77	1128
51	113	6
9	74	94000
10	73	26568
69	6	52
70	5	48
71	4	6
66	1	6171
67	0	6171
65	2	1129
30	93	6
27	88	1
25	90	1
2	65	1
15	76	1128
48	115	3
51	112	96
9	77	750
10	78	1
66	6	1
68	0	1
69	1	52
70	2	52
30	90	6
27	95	3
15	75	1128
48	116	3
51	119	6
9	76	750
10	79	1
66	7	1
69	0	52
70	3	52
30	91	6
27	94	3
25	92	1
15	74	1128
48	117	3
51	118	6
9	79	750
10	76	432
66	4	1
67	5	1
68	2	1
69	3	52
70	0	52
71	1	7
30	88	6
27	93	3
2	68	1
15	73	1128
48	118	3
51	117	6
9	78	750
66	5	1
67	4	1
69	2	52
70	1	52
71	0	6
30	89	6
27	92	3
2	69	1
10	77	1
15	72	1128
48	119	3
51	116	6
9	65	3008000
10	66	907380
66	10	1
67	11	26
69	13	52
70	14	7
30	86	6
27	83	3
15	71	1128
48	120	3
51	123	6
9	64	3008000
10	67	3629520
66	11	1
67	10	27
69	12	52
70	15	7
30	87	6
27	82	1
15	70	376
48	121	3
51	122	6
9	67	3008000
10	64	181476
66	8	1
67	9	1
74	0	8
69	15	52
70	12	7
71	13	2
30	84	6
27	81	1
25	83	1
15	69	376
48	122	3
51	121	6
9	66	3008000
10	65	181476
66	9	1
74	1	7
69	14	52
70	13	7
71	12	2
30	85	6
27	80	1
15	68	376
48	123	3
51	120	6
9	69	3008000
10	70	23160
69	9	22
71	11	2
30	82	96
27	87	1
25	85	1
15	67	376
49	125	1
48	124	3
51	127	6
9	68	3008000
10	71	741
69	8	22
70	11	6
71	10	6
30	83	96
27	86	3
25	84	1
15	66	376
48	125	3
51	126	6
9	71	94000
10	68	3629520
66	12	1
67	13	1
69	11	22
70	8	6
30	80	96
27	85	3
25	87	1
15	65	376
49	127	1
48	126	3
51	125	6
9	70	94000
10	69	5211
69	10	22
70	9	6
71	8	1
30	81	96
27	84	3
15	64	376
48	127	3
51	124	6
49	97	1
9	89	1
69	21	2
70	22	6
30	78	96
27	75	348
25	73	3
10	90	4
15	95	94000
48	96	3
51	99	522
66	19	1
9	88	1
69	20	2
70	23	6
30	79	96
27	74	348
25	72	3
10	91	5
15	94	94000
48	97	3
51	98	522
49	99	1
10	88	1
9	91	1
69	23	2
58	104	4
30	76	96
27	73	4
25	75	1
15	93	94000
51	97	522
9	90	1
69	22	2
58	105	3
30	77	96
27	72	4
25	74	9
10	89	4
15	92	94000
51	96	522
66	22	1
9	93	1
69	17	52
30	74	522
27	79	1
10	94	108
15	91	376
51	103	96
49	100	1
66	23	1
9	92	1
69	16	52
30	75	96
27	78	348
15	90	376
51	102	96
66	20	1
9	95	1
69	19	2
70	16	7
30	72	522
27	77	348
10	92	4
15	89	376
48	102	3
51	101	522
49	102	1
66	21	1
9	94	1
69	18	2
30	73	522
27	76	348
10	93	27
15	88	376
48	103	3
51	100	522
9	81	750
66	26	27
69	29	4
30	70	522
27	67	64
25	65	4
10	82	1
15	87	376
49	105	1
48	104	3
51	107	96
9	80	750
66	27	27
69	28	6
70	31	8
30	71	522
27	66	64
25	64	1
10	83	1
15	86	376
49	104	1
48	105	3
51	106	96
9	83	750
25	67	1
66	24	1
69	31	4
70	28	6
30	68	522
27	65	64
10	80	1
15	85	376
49	107	1
48	106	3
51	105	96
9	82	750
66	25	27
69	30	4
70	29	2
30	69	522
27	64	64
25	66	1
10	81	1
15	84	376
49	106	1
48	107	3
51	104	96
9	85	3
69	25	6
70	26	2262
30	66	522
27	71	4
25	69	1
10	86	1
15	83	376
49	109	1
48	108	3
51	111	96
9	84	3
69	24	6
58	103	1
30	67	522
27	70	4
25	68	1
10	87	1
15	82	376
49	108	1
48	109	3
51	110	96
9	87	3
66	28	27
69	27	6
70	24	12
30	64	618
31	65	1
27	69	4
25	71	3
10	84	1
15	81	376
49	111	1
48	110	3
51	109	96
9	86	3
66	29	27
10	85	4
69	26	6
70	25	6
30	65	618
27	68	64
25	70	4
15	80	376
49	110	1
51	108	96
10	106	1
9	105	1
69	37	2
30	126	73
27	123	1
15	111	282000
49	81	3
48	80	1
51	83	618
9	104	1
10	107	1
69	36	2
70	39	7
30	127	73
27	122	1
15	110	282000
48	81	1
52	85	5
51	82	618
9	107	1
70	36	1
30	124	73
27	121	1
15	109	282000
49	83	195
48	82	1
51	81	618
9	106	1
69	38	2
30	125	73
27	120	1
15	108	282000
49	82	3
48	83	1
51	80	618
10	110	1
9	109	1
69	33	4
70	34	1
30	122	522
27	127	1
15	107	282000
48	84	1
51	87	618
10	111	1
9	108	1
69	32	4
30	123	522
27	126	1
15	106	282000
49	84	192
48	85	1
51	86	618
10	108	1
69	35	2
70	32	6
30	120	522
27	125	1
15	105	94000
48	86	1
51	85	618
69	34	2
70	33	2
30	121	522
27	124	1
10	109	1
15	104	94000
48	87	1
51	84	618
9	97	1
69	45	6
30	118	522
27	115	3
15	103	94000
49	89	192
48	88	1
51	91	522
9	96	1
69	44	6
30	119	522
27	114	3
15	102	94000
48	89	1
51	90	618
9	99	1
30	116	522
27	113	3
15	101	94000
49	91	3
51	89	618
49	90	1
9	98	1
69	46	6
30	117	522
0	107	2
15	100	94000
51	88	618
10	102	1
9	101	1
30	114	522
27	119	1
0	108	2
15	99	94000
49	93	3
51	95	522
10	103	1
9	100	1
30	115	522
27	118	1
0	109	2
15	98	94000
51	94	522
49	95	1
9	103	1
70	40	6
30	112	6
27	117	1
0	110	2
15	97	94000
48	94	3
51	93	522
9	102	1
70	41	6
30	113	522
27	116	3
10	101	1
0	111	2
15	96	94000
49	94	2
48	95	3
51	92	522
69	53	52
30	110	6
0	112	2
15	127	282000
49	65	4
52	68	2461557
51	67	6
69	52	52
30	111	6
0	113	2
15	126	1128
49	64	4
52	69	56229
51	66	6
50	64	1
69	55	52
30	108	6
15	125	1128
49	67	348
48	66	1
52	70	2461558
51	65	6
69	54	52
30	109	6
15	124	1128
50	65	27
49	66	352
48	67	1
52	71	2179097
51	64	6
30	106	6
15	123	1128
49	69	4
48	68	1
52	64	2461561
51	71	96
49	68	1
30	107	6
31	106	5
15	122	1128
50	71	1
48	69	1
52	65	2461558
51	70	96
50	68	499
30	104	6
15	121	1128
49	71	4
52	66	598990
51	69	96
30	105	6
15	120	1128
49	70	4
52	67	598990
51	68	6
30	102	6
27	99	3
10	114	1
15	119	281250
49	73	4
51	75	96
69	60	7
30	103	6
27	98	3
15	118	281250
49	72	4
51	74	96
30	100	6
27	97	3
10	112	1
15	117	281250
48	74	1
51	73	96
30	101	6
27	96	3
10	113	1
15	116	281250
49	74	2
48	75	1
51	72	96
69	57	7
30	98	6
15	115	281250
48	76	1
52	72	53302
51	79	96
69	56	7
30	99	6
0	125	2
15	114	281250
49	76	2
48	77	1
52	73	2179097
51	78	96
69	59	7
30	96	6
10	116	1
0	126	2
15	113	281250
49	79	3
48	78	1
52	74	282949
51	77	96
69	58	7
30	97	6
27	100	3
0	127	2
15	112	282000
49	78	4
48	79	1
51	76	96
69	197	2
57	185	282000
30	158	6
27	155	1
0	128	2
15	143	282000
49	177	1
51	179	6
69	196	2
57	184	282000
30	159	6
27	154	1
0	129	2
15	142	282000
49	176	31
51	178	6
69	199	2
57	187	282000
30	156	6
27	153	1
0	130	2
15	141	282000
51	177	6
69	198	2
57	186	282000
30	157	6
27	152	1
0	131	2
15	140	282000
49	178	1
48	179	3
51	176	6
69	193	2
57	189	282000
30	154	6
27	159	1
0	132	1
15	139	282000
48	180	3
51	183	6
69	192	2
57	188	282000
30	155	6
27	158	1
0	133	1
15	138	282000
48	181	3
51	182	6
69	195	2
57	191	282000
30	152	3
27	157	1
15	137	282000
48	182	3
51	181	6
69	194	2
57	190	282000
30	153	6
27	156	1
15	136	282000
49	182	1
48	183	3
51	180	6
69	205	2
57	177	94000
30	150	3
15	135	282000
49	185	2
48	184	3
51	187	6
69	204	2
57	176	94000
30	151	3
15	134	282000
49	184	4
48	185	3
51	186	6
57	179	94000
30	148	3
0	138	1
15	133	282000
49	187	27
48	186	3
51	185	6
49	186	1
57	178	94000
30	149	3
0	139	1
15	132	282000
48	187	3
51	184	6
69	201	2
57	181	94000
30	146	3
27	151	1
0	140	1
15	131	282000
48	188	3
51	191	6
69	200	2
57	180	94000
30	147	3
0	141	1
15	130	282000
51	190	6
49	191	499
69	203	2
57	183	94000
30	144	3
0	142	1
15	129	282000
51	189	6
49	190	6143
69	202	2
57	182	94000
30	145	3
0	143	1
15	128	282000
51	188	6
57	169	376
30	142	3
0	144	1
15	159	13
48	160	1
51	163	73
57	168	376
30	143	3
27	138	3
0	145	1
15	158	282000
48	161	1
51	162	73
49	163	2
57	171	376
30	140	3
27	137	3
0	146	1
15	157	282000
48	162	1
51	161	73
57	170	376
30	141	3
27	136	3
0	147	1
15	156	282000
49	162	505
48	163	1
51	160	522
57	173	94000
30	138	3
15	155	282000
49	165	505
48	164	1
51	167	73
57	172	94000
30	139	3
15	154	282000
49	164	505
48	165	1
51	166	73
57	175	94000
30	136	3
15	153	282000
49	167	1
48	166	1
51	165	73
57	174	94000
30	137	3
15	152	282000
49	166	505
48	167	1
51	164	73
69	221	2
57	161	1128
30	134	73
27	131	3
15	151	282000
49	169	1
48	168	1
51	171	73
69	220	2
57	160	1128
30	135	3
27	130	3
15	150	282000
49	168	1
48	169	1
51	170	73
69	223	6
57	163	376
30	132	73
27	129	3
15	149	282000
49	171	1
48	170	1
51	169	73
69	222	6
57	162	1128
30	133	73
27	128	1
15	148	282000
48	171	1
51	168	73
57	165	376
30	130	73
27	135	3
15	147	282000
49	173	33
48	172	1
51	175	6
57	164	376
30	131	73
27	134	3
15	146	282000
49	172	1
48	173	1
51	174	6
57	167	376
30	128	73
27	133	3
15	145	282000
49	175	1
48	174	1
51	173	73
57	166	376
30	129	73
27	132	3
15	144	282000
49	174	32
51	172	73
69	229	6
57	153	376
30	190	5184637
0	160	1
15	175	284
48	144	1
51	147	6
69	228	6
57	152	376
30	191	5184637
27	186	3
0	161	1
15	174	284
51	146	6
69	231	6
57	155	1128
30	188	5184637
27	185	3
0	162	1
15	173	284
51	145	6
69	230	6
57	154	376
30	189	5184637
27	184	3
0	163	1
15	172	284
51	144	6
69	225	6
57	157	1128
30	186	5184637
0	164	1
15	171	284
51	151	522
69	224	6
57	156	1128
30	187	5184637
0	165	1
15	170	284
48	149	1
51	150	522
69	227	6
57	159	1128
30	184	5184637
0	166	1
15	169	284
48	150	1
51	149	522
69	226	6
57	158	1128
30	185	5184637
0	167	1
15	168	284
48	151	1
51	148	522
69	237	1
30	182	5184637
27	179	1
0	168	1
15	167	284
48	152	1
51	155	522
49	152	27
69	236	1
30	183	5184637
0	169	1
15	166	284
48	153	1
51	154	522
30	180	537
69	239	1
57	147	376
0	170	1
15	165	13
48	154	1
51	153	522
49	154	27
30	181	537
69	238	1
0	171	1
15	164	13
51	152	522
69	233	6
57	149	376
30	178	522
27	183	3
0	172	1
15	163	13
49	157	505
51	159	522
49	156	27
69	232	6
57	148	376
30	179	522
27	182	1
0	173	1
15	162	13
51	158	522
69	235	6
57	151	376
30	176	522
27	181	1
0	174	1
15	161	13
49	159	505
51	157	522
69	234	6
57	150	376
30	177	522
27	180	1
0	175	1
15	160	13
48	159	1
51	156	522
69	245	1
30	174	522
27	171	3
15	191	282000
49	129	1
48	128	3
51	131	6
69	244	1
30	175	522
27	170	3
15	190	282000
48	129	1
51	130	6
69	247	1
30	172	522
27	169	3
15	189	282000
49	131	15
48	130	1
51	129	6
69	246	1
30	173	522
15	188	282000
48	131	1
51	128	6
69	241	1
30	170	522
15	187	282000
48	132	1
51	135	6
69	240	1
30	171	522
27	174	3
15	186	282000
49	132	14
48	133	1
51	134	6
69	243	1
30	168	522
27	173	3
15	185	282000
48	134	1
51	133	6
69	242	1
30	169	522
27	172	3
15	184	282000
49	134	1
51	132	6
30	166	522
15	183	282000
51	139	6
30	167	522
15	182	282000
51	138	6
30	164	522
15	181	282000
51	137	6
30	165	522
27	160	1
15	180	282000
48	139	1
51	136	6
30	162	522
15	179	284
48	140	1
51	143	6
30	163	522
15	178	284
48	141	1
51	142	6
30	160	6
15	177	284
48	142	1
51	141	6
30	161	6
15	176	284
48	143	1
51	140	6
30	222	282000
15	207	1
48	240	1
51	243	48
30	223	282000
15	206	1
48	241	1
51	242	48
9	203	1
69	135	6
30	220	282000
15	205	376
51	241	48
69	134	6
30	221	282000
15	204	376
51	240	48
9	205	1
30	218	282000
15	203	376
51	247	48
9	204	1
30	219	282000
15	202	376
51	246	48
9	207	1
30	216	282000
15	201	376
48	246	1
51	245	48
9	206	1
30	217	282000
15	200	376
48	247	1
51	244	48
69	141	6
30	214	282000
15	199	376
48	248	1
51	251	91
69	140	6
30	215	282000
15	198	94000
48	249	1
51	250	48
69	143	6
30	212	282000
15	197	94000
48	250	1
51	249	48
69	142	6
30	213	282000
15	196	94000
48	251	1
51	248	48
69	137	6
30	210	282000
15	195	94000
48	252	1
51	255	91
69	136	6
30	211	282000
15	194	94000
48	253	1
51	254	91
69	139	6
30	208	282000
15	193	282000
48	254	1
51	253	91
69	138	6
30	209	282000
15	192	282000
48	255	1
51	252	91
9	217	639
57	233	376
30	206	2182460
48	224	3
51	227	6
9	216	639
57	232	376
30	207	2182460
48	225	3
51	226	6
9	219	639
57	235	376
30	204	2182460
48	226	3
51	225	6
9	218	639
57	234	376
30	205	2182460
48	227	3
51	224	6
9	221	639
69	145	6
57	237	376
30	202	2182460
51	231	6
9	220	639
69	144	6
57	236	376
30	203	2182460
51	230	6
9	223	752
69	147	6
30	200	2182460
51	229	6
9	222	639
69	146	6
30	201	2182460
51	228	6
9	209	3
69	157	6
57	225	282000
30	198	2182460
27	195	1
48	232	1
51	235	6
9	208	1
69	156	6
57	224	282000
30	199	2182460
48	233	1
51	234	6
9	211	3
69	159	6
57	227	282000
30	196	5184637
15	213	10
48	234	1
51	233	6
9	210	3
69	158	6
57	226	282000
30	197	5184637
15	212	10
48	235	1
51	232	6
9	213	3
57	229	94000
30	194	5184637
15	211	1
48	236	1
51	239	6
9	212	3
57	228	282000
30	195	5184637
15	210	1
48	237	1
51	238	6
9	215	639
69	155	6
57	231	94000
30	192	5184637
15	209	1
48	238	1
51	237	6
9	214	639
69	154	6
57	230	94000
30	193	5184637
27	196	1
15	208	1
48	239	1
51	236	6
9	233	188000
69	165	6
57	217	282000
30	254	961471
48	208	3
51	211	96
9	232	188000
69	164	6
57	216	282000
30	255	961471
48	209	3
51	210	96
9	235	188000
69	167	6
57	219	282000
30	252	961471
49	211	1
48	210	3
51	209	96
9	234	188000
69	166	6
57	218	282000
30	253	961471
48	211	3
51	208	96
9	237	188000
69	161	6
57	221	282000
30	250	961471
48	212	3
51	215	96
9	236	188000
69	160	6
57	220	282000
30	251	961471
48	213	3
51	214	96
9	239	188000
69	163	6
57	223	282000
30	248	961471
48	214	3
51	213	96
9	238	188000
69	162	6
57	222	282000
30	249	961471
48	215	3
51	212	96
9	225	752
69	173	2256
57	209	282000
30	246	282000
48	216	3
51	219	6
9	224	752
69	172	2256
57	208	282000
30	247	282000
48	217	3
51	218	6
9	227	188000
69	175	2256
57	211	282000
30	244	282000
48	218	3
51	217	96
9	226	188000
69	174	2256
57	210	282000
30	245	282000
48	219	3
51	216	96
9	229	188000
69	169	2256
57	213	282000
30	242	282000
48	220	3
51	223	6
9	228	188000
69	168	2256
57	212	282000
30	243	282000
48	221	3
51	222	6
9	231	188000
69	171	2256
57	215	282000
30	240	282000
48	222	3
51	221	6
9	230	188000
69	170	2256
57	214	282000
30	241	282000
48	223	3
51	220	6
9	249	1504000
69	181	2256
57	201	282000
30	238	130463
51	195	6
49	192	6143
9	248	1504000
69	180	2256
57	200	282000
30	239	130463
48	193	3
51	194	6
9	251	1504000
57	203	282000
30	236	130463
48	194	3
51	193	6
9	250	1504000
57	202	282000
30	237	130463
48	195	3
51	192	6
9	253	12032000
69	177	2256
57	205	282000
30	234	130463
48	196	3
51	199	69
9	252	1504000
69	176	2256
57	204	282000
30	235	130463
48	197	3
51	198	69
9	255	12032000
69	179	2256
57	207	282000
30	232	130463
48	198	3
51	197	69
9	254	12032000
69	178	2256
57	206	282000
30	233	130463
48	199	3
51	196	69
9	241	188000
69	189	6
57	193	282000
30	230	130463
48	200	3
51	203	69
9	240	188000
69	188	6
57	192	282000
30	231	130463
48	201	3
51	202	69
9	243	188000
69	191	2
57	195	282000
30	228	130463
49	203	1
48	202	3
51	201	69
9	242	188000
69	190	2
57	194	282000
30	229	130463
49	202	17
48	203	3
51	200	69
9	245	188000
57	197	282000
30	226	130463
49	205	1
48	204	3
51	207	96
9	244	188000
57	196	282000
30	227	130463
49	204	1
48	205	3
51	206	69
9	247	1504000
69	187	6
57	199	282000
30	224	130463
49	207	1
48	206	3
51	205	69
9	246	188000
69	186	6
57	198	282000
30	225	130463
48	207	3
51	204	69
9	265	188000
30	286	17766000
51	307	91
9	264	1504000
30	287	17766000
48	305	4
51	306	91
9	267	188000
30	284	17766000
48	306	4
51	305	91
9	266	188000
30	285	17766000
48	307	4
51	304	91
9	269	188000
30	282	17766000
48	308	4
51	311	91
9	268	188000
30	283	17766000
48	309	4
51	310	91
9	271	188000
30	280	17766000
48	310	4
51	309	91
9	270	188000
30	281	17766000
48	311	4
51	308	91
9	257	12032000
30	278	282000
48	312	4
51	315	91
9	256	12032000
30	279	282000
48	313	4
51	314	91
9	259	1504000
30	276	282000
48	314	4
51	313	91
9	258	12032000
30	277	282000
48	315	4
51	312	91
9	261	1504000
30	274	282000
48	316	4
51	319	48
9	260	1504000
30	275	282000
48	317	4
51	318	48
9	263	1504000
30	272	282000
48	318	4
51	317	48
9	262	1504000
30	273	282000
48	319	4
51	316	91
9	281	639
30	270	282000
48	288	4
51	291	1525
9	280	639
30	271	282000
51	290	1525
9	283	3
30	268	282000
51	289	1525
9	282	639
30	269	282000
51	288	1525
9	285	3
30	266	282000
51	295	91
9	284	3
30	267	282000
48	293	4
51	294	1525
9	287	3
30	264	282000
48	294	4
51	293	1525
9	286	3
30	265	282000
48	295	4
51	292	1525
9	273	188000
30	262	961471
48	296	4
51	299	91
9	272	188000
30	263	961471
48	297	4
51	298	91
9	275	752
30	260	961471
48	298	4
51	297	91
9	274	752
30	261	961471
48	299	4
51	296	91
9	277	752
30	258	961471
48	300	4
51	303	91
9	276	752
30	259	961471
51	302	91
9	279	752
30	256	961471
51	301	91
9	278	752
30	257	961471
51	300	91
24	312	1
30	318	1087673
9	297	1
48	272	1
51	275	1525
24	313	1
30	319	1087673
9	296	1
48	273	4
51	274	1525
30	316	1087673
24	314	1
9	299	1
48	274	4
51	273	1525
30	317	1087673
24	315	1
9	298	1
48	275	4
51	272	91
30	314	1087673
24	316	1
9	301	3
48	276	4
51	279	1525
30	315	1087673
24	317	3
9	300	3
48	277	4
51	278	1525
30	312	1087673
24	318	3
9	303	3
48	278	4
51	277	1525
30	313	1087673
24	319	3
9	302	3
51	276	1525
30	310	2179097
9	289	1
51	283	1525
9	288	3
30	311	2179097
51	282	1525
30	308	2179097
9	291	1
51	281	1525
30	309	2179097
9	290	1
48	283	4
51	280	1525
30	306	2179097
24	308	1
9	293	1
48	284	4
51	287	1525
30	307	2179097
24	309	1
9	292	1
48	285	4
51	286	1525
30	304	2179097
24	310	3
9	295	1
48	286	4
51	285	1525
30	305	2179097
24	311	3
9	294	1
48	287	4
51	284	1525
30	302	6206
9	313	639
51	259	91
30	303	6206
9	312	639
51	258	91
30	300	6206
9	315	639
51	257	91
30	301	6206
9	314	639
51	256	91
30	298	6206
9	317	639
48	260	1
51	263	91
30	299	6206
9	316	639
48	261	1
51	262	91
30	296	6206
9	319	639
48	262	1
51	261	91
30	297	6206
9	318	639
48	263	1
51	260	91
30	294	16311693
9	305	3
48	264	1
51	267	91
30	295	16311693
9	304	3
48	265	1
51	266	91
30	292	16311693
9	307	3
48	266	1
51	265	91
30	293	16311693
9	306	3
48	267	1
51	264	91
30	290	16311693
9	309	3
48	268	1
51	271	91
30	291	16311693
9	308	3
48	269	1
51	270	91
30	288	16311693
9	311	3
48	270	1
51	269	91
30	289	16311693
9	310	3
48	271	1
51	268	91
69	261	1
30	350	3780718
9	329	120984
48	368	2
51	371	2017152
51	370	493
69	260	1
30	351	3780718
9	328	120984
48	369	2
51	369	493
30	348	3780718
9	331	120984
48	370	2
51	368	493
30	349	3780718
9	330	120984
48	371	2
30	346	3780718
9	333	120984
48	372	2
51	375	2017152
30	347	3780718
9	332	120984
48	373	2
51	374	2017152
30	344	3780718
9	335	120984
48	374	2
51	373	2017152
30	345	3780718
9	334	120984
48	375	2
51	372	2017152
51	379	4
30	342	5959327
9	321	639
48	376	2
30	343	5959327
9	320	639
51	378	2017152
69	271	1
30	340	5959327
9	323	639
51	377	2017152
69	270	1
30	341	5959327
9	322	639
51	376	2017152
30	338	5959327
9	325	639
51	383	9956
51	382	4
30	339	5959327
9	324	639
48	381	2
51	381	4
30	336	5959327
9	327	120984
48	382	2
51	380	4
30	337	5959327
9	326	120984
48	383	2
48	352	1
69	277	6
30	334	2179097
9	345	120984
51	355	36
69	276	6
30	335	2179097
9	344	120984
48	353	348
51	354	36
69	279	6
30	332	2179097
24	330	1
9	347	483936
48	354	348
51	353	36
69	278	6
30	333	2179097
24	331	1
9	346	120984
48	355	348
51	352	36
69	273	6
30	330	2179097
24	332	1
9	349	483936
48	356	348
51	359	36
69	272	6
30	331	2179097
24	333	1
9	348	483936
48	357	348
51	358	36
69	275	6
30	328	2179097
24	334	1
9	351	483936
48	358	348
51	357	36
69	274	6
30	329	2179097
24	335	1
9	350	483936
48	359	348
51	356	36
30	326	1087673
24	320	3
9	337	120984
48	360	348
51	363	662812
30	327	1087673
24	321	3
9	336	120984
48	361	4
51	362	662812
30	324	1087673
24	322	9
9	339	120984
48	362	4
51	361	662812
30	325	1087673
24	323	9
9	338	120984
48	363	2
51	360	36
51	367	493
30	322	1087673
24	324	9
9	341	120984
48	364	2
30	323	1087673
24	325	3
9	340	120984
48	365	2
51	366	662812
30	320	1087673
24	326	3
9	343	120984
48	366	2
51	365	662812
30	321	1087673
24	327	3
9	342	120984
48	367	2
51	364	662812
30	382	94000
9	361	483936
48	336	64
51	339	36
30	383	94000
9	360	483936
48	337	4
51	338	3
9	363	483936
48	338	4
51	337	3
9	362	483936
48	339	4
51	336	3
9	365	483936
48	340	4
51	343	36
9	364	483936
48	341	4
51	342	36
9	367	483936
48	342	4
51	341	36
9	366	483936
48	343	4
51	340	36
30	374	17766000
9	353	3871488
48	344	4
51	347	36
30	375	17766000
9	352	483936
48	345	4
51	346	36
30	372	17766000
9	355	3871488
48	346	4
51	345	36
30	373	17766000
9	354	3871488
48	347	4
51	344	36
30	370	17766000
9	357	3871488
48	348	4
51	351	36
48	349	1
30	371	17766000
9	356	3871488
51	350	36
48	350	1
30	368	17766000
9	359	483936
51	349	36
48	351	1
30	369	17766000
9	358	3871488
51	348	36
30	366	2179097
9	377	483936
48	320	4
51	323	48
30	367	2179097
9	376	3871488
51	322	48
30	364	2179097
9	379	483936
51	321	48
30	365	2179097
9	378	483936
51	320	48
30	362	2179097
9	381	483936
51	327	48
30	363	2179097
9	380	483936
48	325	64
51	326	48
30	360	2179097
9	383	585
48	326	64
51	325	48
30	361	2179097
9	382	483936
48	327	64
51	324	48
30	358	2179097
9	369	483936
48	328	64
51	331	3
30	359	2179097
9	368	483936
48	329	64
51	330	3
30	356	2179097
9	371	3871488
48	330	64
51	329	3
30	357	2179097
9	370	483936
48	331	64
51	328	3
30	354	2179097
9	373	3871488
48	332	64
51	335	3
30	355	2179097
9	372	3871488
48	333	64
51	334	3
30	352	2179097
9	375	3871488
48	334	64
51	333	3
30	353	2179097
9	374	3871488
48	335	64
51	332	3
9	393	4680
51	435	82287
9	392	4680
51	434	3164
9	395	4680
51	433	3164
9	394	4680
51	432	3164
9	397	4680
51	439	82287
9	396	4680
51	438	82287
9	399	37440
51	437	82287
9	398	37440
51	436	82287
9	385	585
51	443	82287
48	441	1
9	384	585
51	442	82287
48	442	1
9	387	585
51	441	82287
48	443	1
9	386	585
51	440	82287
51	447	6143
48	444	1
9	389	585
51	446	6143
9	388	585
48	445	192
9	391	585
48	446	192
51	445	82287
9	390	585
48	447	192
51	444	82287
9	409	4680
48	416	3
51	419	56314
9	408	4680
48	417	3
51	418	56314
9	411	120984
30	396	1
48	418	3
51	417	2300
9	410	120984
48	419	3
51	416	2300
9	413	120984
30	394	282000
48	420	3
51	423	56314
9	412	120984
30	395	1
48	421	3
51	422	56314
9	415	120984
30	392	282000
48	422	3
51	421	56314
9	414	120984
30	393	282000
48	423	3
51	420	56314
30	390	282000
9	401	37440
48	424	3
51	427	82287
30	391	282000
9	400	37440
51	426	82287
30	388	282000
9	403	37440
51	425	82287
30	389	282000
9	402	37440
51	424	56314
30	386	94000
9	405	4680
51	431	3164
30	387	282000
9	404	4680
51	430	3164
30	384	94000
9	407	4680
51	429	3164
30	385	94000
9	406	4680
51	428	3164
9	425	639
9	424	639
9	427	639
9	426	639
48	403	3
51	400	2017151
9	429	639
48	404	3
51	407	56314
9	428	639
48	405	3
9	431	639
48	406	3
9	430	639
48	407	3
9	417	120984
48	408	3
51	411	2300
9	416	120984
48	409	3
51	410	56314
9	419	120984
48	410	3
51	409	56314
9	418	120984
48	411	3
51	408	56314
9	421	639
48	412	3
51	415	2300
9	420	120984
48	413	3
51	414	2300
9	423	639
48	414	3
51	413	2300
9	422	639
48	415	3
51	412	2300
9	441	1
48	384	2
51	387	9956
9	440	1
48	385	2
51	386	9956
9	443	1
48	386	2
51	385	9956
9	442	1
51	384	9956
9	445	1
51	391	7610
9	444	1
51	390	9956
9	447	1
51	389	9956
9	446	1
48	391	2
51	388	9956
69	509	189878
9	433	3
48	392	2
51	395	2017151
69	508	189878
9	432	3
48	393	2
51	394	7610
69	511	189878
9	435	3
48	394	2
51	393	7610
69	510	189878
9	434	3
48	395	2
51	392	7610
9	437	3
48	396	2
51	399	2017151
9	436	3
48	397	2
51	398	2017151
9	439	1
48	398	2
51	397	2017151
9	438	1
51	396	2017151
9	457	3
51	499	31256
48	497	1
9	456	3
51	498	31256
48	498	1
9	459	3
51	497	31256
48	499	1
9	458	3
51	496	31256
48	500	1
9	461	750
51	503	31256
9	460	3
51	502	31256
9	463	750
51	501	31256
9	462	750
51	500	31256
51	507	393
9	449	3
48	505	1
51	506	393
9	448	1
48	506	1
51	505	393
9	451	3
48	507	1
9	450	3
51	504	31256
48	508	1
51	511	393
9	453	3
51	510	393
9	452	3
48	509	1
51	509	393
9	455	3
48	510	1
51	508	393
9	454	3
48	511	1
48	480	1
9	473	752
51	483	282000
48	481	1
9	472	752
51	482	282000
48	482	1
9	475	188000
51	481	94000
9	474	752
51	480	94000
9	477	188000
51	487	282000
9	476	188000
51	486	282000
9	479	188000
51	485	282000
48	487	1
9	478	188000
51	484	282000
48	488	1
9	465	750
51	491	31256
48	489	1
9	464	750
51	490	31256
48	490	1
9	467	750
51	489	282000
48	491	1
9	466	750
51	488	282000
48	492	1
9	469	750
51	495	31256
9	468	750
51	494	31256
9	471	752
51	493	31256
9	470	752
51	492	31256
9	489	188000
48	464	3
51	467	94000
9	488	188000
51	466	94000
9	491	188000
51	465	94000
48	467	1
9	490	188000
51	464	94000
48	468	1
9	493	188000
51	471	94000
48	469	1
9	492	188000
51	470	94000
48	470	1
9	495	188000
51	469	94000
48	471	1
9	494	188000
51	468	94000
48	472	1
9	481	188000
51	475	94000
9	480	188000
51	474	94000
9	483	188000
51	473	94000
9	482	188000
51	472	94000
9	485	188000
51	479	94000
48	477	1
9	484	188000
51	478	94000
48	478	1
9	487	188000
51	477	94000
48	479	1
9	486	188000
51	476	94000
51	451	18429
9	505	6016000
48	448	192
51	450	18429
9	504	6016000
48	449	192
51	449	6143
9	507	6016000
48	450	192
51	448	6143
9	506	6016000
48	451	192
9	509	6016000
48	452	192
51	455	94000
9	508	6016000
51	454	94000
9	511	6016000
51	453	94000
9	510	6016000
51	452	94000
9	497	1504000
51	459	94000
9	496	1504000
51	458	94000
9	499	1504000
51	457	94000
9	498	1504000
51	456	94000
9	501	1504000
51	463	94000
9	500	1504000
51	462	94000
9	503	6016000
51	461	94000
9	502	6016000
48	463	3
51	460	94000
9	521	78
69	581	6
48	560	1
51	563	282000
9	520	78
69	580	6
48	561	1
51	562	282000
9	523	78
69	583	6
48	562	1
51	561	282000
9	522	78
69	582	6
48	563	1
51	560	282000
9	525	78
69	577	6
48	564	1
51	567	282000
9	524	78
69	576	6
51	566	282000
9	527	78
69	579	6
51	565	282000
9	526	78
69	578	6
51	564	282000
9	513	6016000
51	571	767
69	589	4
9	512	6016000
51	570	767
69	588	4
9	515	1504000
69	591	2
51	569	282000
9	514	1504000
69	590	2
48	571	1
51	568	282000
9	517	1504000
51	575	767
69	585	6
48	572	1
9	516	1504000
51	574	767
69	584	6
48	573	1
9	519	1504000
51	573	767
69	587	2
48	574	1
9	518	1504000
51	572	767
69	586	2
48	575	1
9	537	4992
69	597	2
48	544	1
51	547	282000
9	536	4992
69	596	2
48	545	1
51	546	282000
9	539	4992
69	599	4
48	546	1
51	545	282000
9	538	4992
69	598	4
48	547	1
51	544	282000
9	541	624
69	593	2
48	548	1
51	551	282000
9	540	4992
69	592	2
48	549	1
51	550	282000
9	543	624
69	595	2
48	550	1
51	549	282000
9	542	624
69	594	2
51	548	282000
9	529	624
51	555	282000
9	528	78
51	554	282000
9	531	624
51	553	282000
9	530	624
51	552	282000
9	533	624
69	601	2
51	559	282000
9	532	624
69	600	2
48	557	1
51	558	282000
9	535	4992
48	558	1
51	557	282000
9	534	624
48	559	1
51	556	282000
9	553	188000
51	531	282000
9	552	188000
51	530	282000
9	555	188000
51	529	282000
9	554	188000
51	528	282000
9	557	188000
51	535	282000
9	556	188000
51	534	282000
9	559	752
51	533	282000
9	558	752
51	532	282000
9	545	624
51	539	282000
9	544	624
51	538	282000
9	547	188000
51	537	282000
9	546	624
51	536	282000
9	549	188000
51	543	282000
9	548	188000
51	542	282000
9	551	188000
51	541	282000
9	550	188000
48	543	1
51	540	282000
51	515	393
9	569	3
48	512	1
51	514	393
9	568	750
48	513	1
51	513	393
9	571	3
48	514	1
51	512	393
9	570	3
48	515	1
9	573	3
48	516	1
51	519	282000
9	572	3
51	518	282000
51	517	393
9	575	1
51	516	393
9	574	3
9	561	752
51	523	282000
9	560	752
51	522	282000
9	563	752
51	521	282000
9	562	752
51	520	282000
9	565	750
51	527	282000
9	564	750
51	526	282000
9	567	750
51	525	282000
9	566	750
51	524	282000
9	585	1
51	627	262469
9	584	1
51	626	262469
9	587	1
51	625	9801
9	586	1
51	624	9801
9	589	1
69	513	189878
51	631	262469
9	588	1
69	512	189878
51	630	262469
9	591	1
51	629	262469
9	590	1
51	628	262469
9	577	1
69	525	2256
51	635	262469
9	576	1
69	524	2256
51	634	262469
9	579	1
69	527	2256
51	633	262469
9	578	1
69	526	2256
51	632	262469
9	581	1
51	639	262469
9	580	1
51	638	262469
9	583	1
51	637	262469
9	582	1
51	636	262469
9	601	3
69	533	1128
48	608	14
51	611	9801
9	600	3
51	610	767
69	532	1128
48	609	14
9	603	3
51	609	767
69	535	1128
48	610	14
9	602	3
51	608	767
69	534	1128
48	611	14
9	605	3
69	529	2256
48	612	14
51	615	9801
9	604	3
69	528	2256
48	613	1
51	614	9801
9	607	3
69	531	1128
48	614	1
51	613	9801
9	606	3
69	530	1128
51	612	9801
9	593	1
69	541	1128
51	619	9801
9	592	1
69	540	1128
51	618	9801
9	595	3
69	543	1128
51	617	9801
9	594	3
69	542	1128
51	616	9801
9	597	3
69	537	1128
51	623	9801
9	596	3
69	536	1128
51	622	9801
9	599	3
69	539	1128
51	621	9801
9	598	3
69	538	1128
51	620	9801
9	617	1128
51	595	767
69	549	1128
9	616	3
51	594	767
69	548	1128
48	593	1
9	619	1128
51	593	767
69	551	1128
48	594	1
9	618	1128
51	592	767
69	550	1128
48	595	1
9	621	1128
51	599	767
69	545	1128
48	596	1
9	620	1128
51	598	767
69	544	1128
9	623	3
51	597	767
69	547	1128
9	622	1128
51	596	767
69	546	1128
9	609	3
51	603	767
69	557	4
9	608	3
51	602	767
69	556	4
9	611	3
51	601	767
9	610	3
51	600	767
48	603	14
9	613	3
51	607	767
69	553	1128
48	604	14
9	612	3
51	606	767
69	552	1128
48	605	14
9	615	3
51	605	767
69	555	6
48	606	14
9	614	3
51	604	767
69	554	6
48	607	14
9	633	1128
51	579	767
69	565	6
48	576	1
9	632	1128
51	578	767
69	564	6
48	577	1
9	635	1128
51	577	767
69	567	7
48	578	1
9	634	1128
51	576	767
69	566	6
48	579	1
9	637	1128
51	583	767
69	561	4
48	580	1
9	636	1128
51	582	767
69	560	4
48	581	1
9	639	1128
51	581	767
69	563	6
48	582	1
9	638	1128
51	580	767
69	562	6
48	583	1
9	625	3
51	587	767
69	573	7
48	584	1
9	624	3
51	586	767
69	572	7
9	627	1128
51	585	767
69	575	6
9	626	1128
51	584	767
69	574	7
9	629	1128
51	591	767
69	569	7
9	628	1128
51	590	767
69	568	7
9	631	1128
51	589	767
69	571	7
9	630	1128
51	588	767
69	570	7
9	649	282000
51	691	282000
9	648	282000
51	690	282000
9	651	282000
51	689	282000
9	650	282000
51	688	282000
9	653	282000
51	695	282000
9	652	282000
51	694	282000
9	655	1128000
51	693	282000
9	654	282000
51	692	282000
9	641	1128
51	699	282000
9	640	1128
51	698	282000
9	643	1128
51	697	282000
9	642	1128
51	696	282000
9	645	282000
51	703	282000
9	644	282000
51	702	282000
9	647	282000
51	701	282000
9	646	282000
51	700	282000
9	665	4512000
51	675	130462
9	664	4512000
51	674	130462
9	667	4512000
51	673	130462
9	666	4512000
51	672	130462
9	669	4512000
51	679	282000
9	668	4512000
51	678	282000
9	671	4512000
51	677	130462
9	670	4512000
51	676	130462
9	657	1128000
51	683	282000
9	656	1128000
51	682	282000
9	659	1128000
51	681	282000
9	658	1128000
51	680	282000
9	661	4512000
51	687	282000
9	660	4512000
51	686	282000
9	663	4512000
51	685	282000
9	662	4512000
51	684	282000
9	681	1128000
51	659	132007
9	680	1128000
51	658	132007
9	683	4512000
51	657	132007
9	682	4512000
51	656	132007
9	685	4512000
30	698	4
51	663	132007
9	684	4512000
30	699	4
51	662	132007
9	687	4512000
30	696	1
51	661	132007
9	686	4512000
30	697	1
51	660	132007
9	673	4512000
30	694	1
51	667	130462
9	672	4512000
30	695	1
51	666	130462
9	675	4512000
51	665	130462
9	674	4512000
51	664	132007
9	677	1128000
51	671	130462
9	676	4512000
51	670	130462
9	679	1128000
51	669	130462
9	678	1128000
51	668	130462
9	697	4512000
51	643	262469
9	696	4512000
51	642	262469
9	699	1128000
51	641	262469
9	698	4512000
51	640	262469
9	701	1128000
51	647	262469
9	700	1128000
51	646	262469
9	703	1128000
51	645	262469
9	702	1128000
51	644	262469
9	689	4512000
51	651	262469
9	688	4512000
51	650	262469
9	691	4512000
51	649	262469
9	690	4512000
51	648	262469
9	693	4512000
51	655	132007
9	692	4512000
51	654	132007
9	695	4512000
51	653	132007
9	694	4512000
51	652	132007
9	713	552
48	752	27
51	755	2461557
9	712	552
48	753	27
51	754	2461557
9	715	552
48	754	27
51	753	2461557
9	714	552
48	755	27
51	752	2461557
9	717	552
51	759	2461557
9	716	552
51	758	2461557
9	719	552
51	757	2461557
9	718	552
51	756	2461557
9	705	282000
48	760	27
51	763	2461557
9	704	282000
48	761	27
51	762	2461557
9	707	282000
48	762	27
51	761	2461557
9	706	282000
48	763	27
51	760	2461557
9	709	282000
48	764	27
51	767	2461557
9	708	282000
48	765	27
51	766	2461557
9	711	552
51	765	2461557
9	710	282000
51	764	2461557
9	729	17664
51	739	5415
9	728	17664
51	738	5415
9	731	17664
51	737	5415
9	730	17664
51	736	5415
9	733	17664
51	743	5415
9	732	17664
51	742	5415
9	735	17664
51	741	5415
9	734	17664
51	740	5415
9	721	552
51	747	2461557
9	720	552
51	746	2461557
9	723	2208
51	745	2461557
9	722	2208
51	744	5415
9	725	2208
51	751	2461557
9	724	2208
51	750	2461557
9	727	17664
48	750	27
51	749	2461557
9	726	2208
48	751	27
51	748	2461557
9	745	17664
51	723	598990
9	744	17664
51	722	598990
9	747	17664
51	721	598990
9	746	17664
51	720	598990
9	749	17664
51	727	598990
9	748	17664
51	726	598990
9	751	17664
51	725	598990
9	750	17664
51	724	598990
9	737	17664
51	731	598990
9	736	17664
51	730	598990
9	739	2208
51	729	598990
9	738	2208
51	728	598990
9	741	2208
51	735	5415
9	740	2208
51	734	5415
9	743	17664
51	733	5415
9	742	2208
51	732	5415
9	761	552
51	707	282000
9	760	552
51	706	282000
9	763	552
51	705	282000
9	762	552
51	704	282000
9	765	552
51	711	282000
9	764	552
51	710	282000
9	767	4
51	709	282000
9	766	4
51	708	282000
9	753	17664
51	715	282000
9	752	17664
51	714	282000
9	755	2208
51	713	282000
9	754	2208
51	712	282000
9	757	2208
51	719	598990
9	756	2208
51	718	598990
9	759	552
51	717	598990
9	758	2208
51	716	282000
9	777	4
51	819	56229
48	816	1
9	776	4
51	818	56229
48	817	1
9	779	621
51	817	56229
48	818	1
9	778	4
51	816	56229
48	819	1
9	781	621
51	823	56229
48	820	1
9	780	621
51	822	56229
48	821	1
9	783	621
51	821	56229
48	822	1
9	782	621
51	820	56229
48	823	1
9	769	4
51	827	56229
48	824	1
9	768	4
51	826	56229
48	825	1
9	771	4
51	825	56229
48	826	1
9	770	4
51	824	56229
48	827	1
9	773	4
51	831	56229
48	828	1
9	772	4
51	830	56229
48	829	1
9	775	4
51	829	56229
48	830	1
9	774	4
51	828	56229
9	793	19872
51	803	56228
9	792	19872
51	802	56228
9	795	19872
51	801	56228
9	794	19872
51	800	56228
48	804	2
9	797	19872
51	807	56228
48	805	2
9	796	19872
51	806	56228
48	806	2
9	799	19872
51	805	56228
48	807	2
9	798	19872
51	804	56228
9	785	621
51	811	56229
48	808	505
9	784	621
51	810	56229
48	809	505
9	787	621
51	809	56228
48	810	505
9	786	621
51	808	56228
48	811	505
9	789	621
51	815	56229
48	812	505
9	788	621
51	814	56229
48	813	505
9	791	19872
51	813	56229
48	814	1
9	790	19872
51	812	56229
48	815	1
9	809	621
51	787	2424947
9	808	621
51	786	2424947
9	811	621
51	785	2424947
9	810	621
51	784	2424947
9	813	621
48	788	505
51	791	2424947
9	812	621
48	789	505
51	790	2424947
9	815	4
48	790	505
51	789	2424947
9	814	4
48	791	505
51	788	2424947
9	801	19872
48	792	505
51	795	2424947
9	800	19872
48	793	505
51	794	2424947
9	803	19872
51	793	2424947
9	802	19872
51	792	2424947
9	805	19872
51	799	56228
9	804	19872
51	798	56228
9	807	621
51	797	56228
9	806	19872
51	796	2424947
9	825	256
51	771	2424947
9	824	4
51	770	2461557
9	827	256
48	770	27
51	769	2461557
9	826	256
48	771	27
51	768	2461557
9	829	256
48	772	27
51	775	2424947
9	828	256
48	773	27
51	774	2424947
9	831	256
48	774	27
51	773	2424947
9	830	256
48	775	27
51	772	2424947
9	817	4
48	776	27
51	779	2424947
9	816	4
48	777	27
51	778	2424947
9	819	4
48	778	505
51	777	2424947
9	818	4
48	779	505
51	776	2424947
9	821	4
48	780	505
51	783	2424947
9	820	4
48	781	505
51	782	2424947
9	823	4
48	782	505
51	781	2424947
9	822	4
48	783	505
51	780	2424947
9	841	4
51	883	53302
9	840	4
51	882	53302
9	843	1128
51	881	53302
9	842	4
51	880	53302
9	845	1128
51	887	53302
9	844	1128
51	886	53302
9	847	1128
51	885	53302
48	886	2
9	846	1128
51	884	53302
48	887	2
9	833	256
51	891	53302
48	888	1
9	832	256
51	890	53302
48	889	1
9	835	256
51	889	53302
48	890	1
9	834	256
51	888	53302
48	891	1
9	837	4
51	895	2179097
48	892	16
9	836	4
51	894	2179097
48	893	16
9	839	4
51	893	2179097
48	894	1
9	838	4
51	892	2179097
48	895	1
9	857	3
51	867	2179097
9	856	3
51	866	2179097
9	859	3
51	865	2179097
9	858	3
51	864	2179097
9	861	1
51	871	2179097
9	860	1
51	870	2179097
9	863	1
51	869	2179097
9	862	1
51	868	2179097
9	849	1128
51	875	2179097
9	848	1128
51	874	2179097
9	851	1128
51	873	2179097
9	850	1128
51	872	2179097
9	853	1128
51	879	53302
9	852	1128
51	878	53302
9	855	3
51	877	53302
9	854	1128
51	876	2179097
9	873	1
51	851	2461558
9	872	1
51	850	2461558
9	875	1
51	849	2461558
9	874	1
51	848	2461558
9	877	1
51	855	2461558
9	876	1
51	854	2461558
9	879	1
51	853	2461558
9	878	1
51	852	2461558
9	865	1
51	859	2461558
9	864	1
51	858	2461558
9	867	1
51	857	2461558
9	866	1
51	856	2461558
9	869	1
51	863	2461558
9	868	1
51	862	2461558
9	871	1
51	861	2461558
9	870	1
51	860	2461558
9	889	3
51	835	56229
9	888	3
51	834	56229
9	891	3
51	833	56229
9	890	3
51	832	56229
48	835	1
9	893	3
51	839	2461558
48	836	1
9	892	3
51	838	2461558
48	837	1
9	895	3
51	837	56229
48	838	1
9	894	3
51	836	56229
48	839	1
9	881	3
51	843	2461558
48	840	1
9	880	3
51	842	2461558
48	841	1
9	883	3
51	841	2461558
9	882	3
51	840	2461558
9	885	3
51	847	2461558
9	884	3
51	846	2461558
9	887	3
51	845	2461558
9	886	3
51	844	2461558
9	905	639
51	947	6206
9	904	639
51	946	6206
9	907	639
51	945	6206
9	906	639
51	944	6206
9	909	639
51	951	6206
9	908	639
51	950	6206
9	911	639
51	949	6206
9	910	639
51	948	6206
9	897	3
51	955	6206
9	896	3
51	954	6206
9	899	3
51	953	6206
9	898	3
51	952	6206
9	901	3
51	959	2180597
9	900	3
51	958	2180597
9	903	639
51	957	2180597
9	902	3
51	956	6206
9	921	181476
51	931	1091424
9	920	181476
51	930	1091043
9	923	181476
51	929	1091043
9	922	181476
51	928	1091043
9	925	181476
51	935	1091424
9	924	181476
51	934	1091424
9	927	181476
51	933	1091424
9	926	181476
51	932	1091424
9	913	639
51	939	1091424
9	912	639
51	938	1091424
9	915	639
51	937	1091424
9	914	639
51	936	1091424
9	917	639
51	943	1091424
9	916	639
51	942	1091424
9	919	181476
51	941	1091424
9	918	639
51	940	1091424
9	937	181476
51	915	2179097
9	936	181476
51	914	2179097
9	939	181476
51	913	2179097
9	938	181476
51	912	2179097
9	941	725904
51	919	1091043
9	940	725904
51	918	1091043
9	943	725904
51	917	2179097
9	942	725904
51	916	2179097
9	929	181476
51	923	1091043
9	928	181476
51	922	1091043
9	931	181476
51	921	1091043
9	930	181476
51	920	1091043
9	933	181476
51	927	1091043
9	932	181476
51	926	1091043
9	935	181476
51	925	1091043
9	934	181476
51	924	1091043
9	953	2903616
51	899	2179097
48	896	1
9	952	2903616
51	898	2179097
48	897	1
9	955	2903616
51	897	2179097
9	954	2903616
51	896	2179097
9	957	2903616
51	903	2179097
48	900	1
9	956	2903616
51	902	2179097
48	901	1
9	959	725904
51	901	2179097
9	958	725904
51	900	2179097
9	945	725904
51	907	2179097
9	944	725904
51	906	2179097
9	947	2903616
51	905	2179097
9	946	2903616
51	904	2179097
9	949	2903616
51	911	2179097
9	948	2903616
51	910	2179097
9	951	2903616
51	909	2179097
9	950	2903616
51	908	2179097
9	969	725904
9	968	725904
9	971	2903616
9	970	2903616
9	973	2903616
9	972	2903616
9	975	2903616
9	974	2903616
9	961	725904
9	960	725904
9	963	725904
9	962	725904
9	965	725904
9	964	725904
9	967	725904
9	966	725904
9	985	725904
9	984	725904
9	987	725904
9	986	725904
9	989	579
9	988	579
9	991	579
9	990	579
9	977	2903616
9	976	2903616
9	979	2903616
9	978	2903616
9	981	2903616
9	980	2903616
9	983	725904
9	982	725904
9	1001	4632
9	1000	4632
9	1003	18528
9	1002	4632
9	1005	18528
9	1004	18528
9	1007	18528
9	1006	18528
9	993	579
9	992	579
9	995	579
9	994	579
9	997	4632
9	996	579
9	999	4632
9	998	4632
9	1017	4632
51	963	2180597
9	1016	4632
51	962	2180597
9	1019	4632
51	961	2180597
9	1018	4632
51	960	2180597
9	1021	741
51	967	2180597
9	1020	4632
51	966	2180597
9	1023	741
51	965	2180597
9	1022	741
51	964	2180597
9	1009	18528
9	1008	18528
9	1011	18528
51	969	2180597
9	1010	18528
51	968	2180597
9	1013	18528
9	1012	18528
9	1015	4632
9	1014	18528
9	1033	2952
9	1032	738
9	1035	2952
9	1034	2952
9	1037	2952
9	1036	2952
9	1039	23616
9	1038	2952
9	1025	738
9	1024	738
9	1027	738
9	1026	738
9	1029	738
9	1028	738
9	1031	738
9	1030	738
9	1049	2952
9	1048	2952
9	1051	2952
9	1050	2952
9	1053	2952
9	1052	2952
9	1055	2952
9	1054	2952
9	1041	23616
9	1040	23616
9	1043	23616
9	1042	23616
9	1045	2952
9	1044	23616
9	1047	2952
9	1046	2952
9	1065	2952
9	1064	2952
9	1067	2952
9	1066	2952
9	1069	6
9	1068	2952
9	1071	6
9	1070	6
9	1057	23616
9	1056	2952
9	1059	23616
9	1058	23616
9	1061	23616
9	1060	23616
9	1063	2952
9	1062	23616
9	1081	48
9	1080	48
9	1083	48
9	1082	48
9	1085	384
9	1084	384
9	1087	384
9	1086	384
9	1073	6
9	1072	6
9	1075	6
9	1074	6
9	1077	6
9	1076	6
9	1079	48
9	1078	48
9	1097	181476
9	1096	181476
9	1099	181476
9	1098	181476
9	1101	181476
9	1100	181476
9	1103	181476
9	1102	181476
9	1089	384
9	1088	384
9	1091	48
9	1090	48
9	1093	48
9	1092	48
9	1095	48
9	1094	48
9	1113	639
9	1112	639
9	1115	639
9	1114	639
9	1117	639
9	1116	639
9	1119	639
9	1118	639
9	1105	181476
9	1104	181476
9	1107	181476
9	1106	181476
9	1109	639
9	1108	181476
9	1111	639
9	1110	639
9	1129	1
9	1128	1
9	1131	1
9	1130	1
9	1133	1
9	1132	1
9	1135	3
9	1134	3
9	1121	639
9	1120	639
9	1123	3
9	1122	3
9	1125	3
9	1124	3
9	1127	3
9	1126	3
9	1145	3
9	1144	3
9	1147	1
9	1146	1
9	1149	1
9	1148	1
9	1151	1
9	1150	1
9	1137	3
9	1136	3
9	1139	1
9	1138	1
9	1141	1
9	1140	1
9	1143	3
9	1142	3
51	1203	282000
9	1161	3
51	1202	282000
9	1160	3
51	1201	282000
9	1163	3
51	1200	282000
9	1162	3
51	1207	282000
9	1165	3
51	1206	282000
9	1164	3
51	1205	282000
9	1167	3
51	1204	282000
9	1166	3
51	1211	1
9	1153	1
51	1210	1
9	1152	1
51	1209	282000
9	1155	3
51	1208	282000
9	1154	3
51	1215	4
9	1157	3
51	1214	4
9	1156	3
51	1213	1
9	1159	3
51	1212	1
9	1158	3
9	1177	3
9	1176	3
9	1179	3
9	1178	3
9	1181	3
9	1180	3
9	1183	24
9	1182	24
9	1169	1
9	1168	1
9	1171	1
9	1170	1
51	1199	282000
9	1173	1
51	1198	282000
9	1172	1
51	1197	282000
9	1175	4
9	1174	4
9	1193	84
9	1192	84
9	1195	84
9	1194	84
9	1197	24
9	1196	24
9	1199	24
9	1198	24
9	1185	24
9	1184	24
9	1187	24
9	1186	24
9	1189	84
9	1188	84
9	1191	84
9	1190	84
9	1201	24
9	1200	24
9	1203	4
9	1202	4
9	1205	4
9	1204	4
9	1207	4
9	1206	4
9	1261	1
9	1260	1
9	1272	1
9	1265	1
9	1264	1
9	1266	1
9	1271	1
57	1657	1
57	1656	1
57	1659	1
57	1658	1
57	1661	1
57	1660	1
57	1663	3
57	1662	3
57	1653	1
57	1655	1
57	1654	1
57	1673	3
57	1672	3
57	1675	3
57	1674	3
57	1677	3
57	1676	3
57	1678	3
57	1665	3
57	1664	3
57	1666	3
