50	50	1
9	9	1
11	11	0.0886524822695035
30	30	1
31	31	0.01
27	27	0.520833333333333
28	28	1
18	18	0.78125
0	0	1
6	6	1
13	13	1
12	12	1
16	16	1
15	15	1
19	19	1
45	45	1
52	52	0.01
51	51	1
9	8	1
11	10	0.0886524822695035
31	30	0.186567164179104
70	71	0.01
30	31	1
27	26	0.520833333333333
28	29	1
18	19	0.78125
1	0	1
0	1	1
6	7	1
13	12	1
12	13	1
16	17	1
15	14	1
19	18	1
45	44	1
50	51	1
49	48	1
52	53	0.01
51	50	1
9	11	1
11	9	0.01
30	28	1
31	29	0.01
27	25	0.520833333333333
28	30	1
18	16	0.78125
1	3	1
0	2	1
6	4	1
13	15	0.265957446808511
12	14	1
16	18	0.26525198938992
15	13	1
19	17	1
45	47	1
48	50	1
52	54	0.01
51	49	1
9	10	1
16	19	0.350877192982456
11	8	0.133333333333333
30	29	1
31	28	0.01
27	24	0.520833333333333
28	31	1
18	17	0.78125
1	2	1
0	3	1
7	4	1
6	5	1
13	14	0.26525198938992
12	15	1
15	12	1
19	16	1
36	39	1
45	46	1
49	50	1
48	51	1
52	55	0.01
51	48	1
9	13	1
10	14	1
11	15	1
69	65	1
30	26	1
31	27	0.01
27	31	1
28	24	1
1	5	1
0	4	1
7	3	1
6	2	1
13	9	1
12	8	1
16	20	1
15	11	1
36	32	1
45	41	1
50	54	1
48	52	1
52	48	0.01
51	55	1
52	49	0.01
9	12	1
10	15	0.155763239875389
11	14	0.01
31	26	0.186219739292365
69	64	1
30	27	1
27	30	1
28	25	1
1	4	1
0	5	1
7	2	1
6	3	1
13	8	1
12	9	1
16	21	0.0664893617021277
15	10	1
36	33	1
45	40	1
50	55	1
49	52	1
48	53	1
51	54	1
52	50	0.0162786911932281
9	15	1
11	13	0.156494522691706
30	24	1
31	25	0.191570881226054
27	29	0.520833333333333
28	26	1
0	6	1
7	1	1
6	0	1
12	10	1
16	22	0.132978723404255
15	9	1
36	34	1
45	43	1
51	53	1
11	12	1
9	14	1
30	25	1
31	24	0.191570881226054
27	28	0.520833333333333
28	27	1
1	6	1
0	7	1
7	0	1
6	1	1
13	10	1
12	11	1
16	23	0.01
15	8	1
19	20	1
36	35	1
45	42	1
50	53	1
49	54	1
52	51	0.01
51	52	1
9	1	1
10	2	0.0666666666666667
30	22	1
31	23	0.191570881226054
27	19	0.520833333333333
24	16	1
18	26	1
0	8	1
8	0	1
6	14	1
13	5	1
12	4	1
16	24	0.01
15	7	1
45	37	1
52	60	0.0102030405060708
51	59	1
9	0	1
10	3	0.01
30	23	1
31	22	0.189393939393939
27	18	0.520833333333333
24	17	1
25	16	1
18	27	1
0	9	1
6	15	1
13	4	1
12	5	1
16	25	0.01
15	6	1
45	36	1
49	56	1
52	61	0.01
51	58	1
9	3	1
10	0	1
30	20	1
31	21	1
27	17	0.520833333333333
24	18	1
1	11	1
0	10	1
6	12	1
13	7	1
12	6	1
16	26	0.01
15	5	1
45	39	1
50	56	1
49	59	1
48	58	1
52	62	0.01
51	57	1
9	2	1
10	1	0.132802124833997
11	0	0.133333333333333
30	21	1
31	20	1
27	16	0.520833333333333
24	19	1
0	11	1
6	13	1
13	6	1
12	7	1
16	27	0.01
15	4	1
45	38	1
49	58	1
48	59	1
52	63	0.01
51	56	1
9	5	1
10	6	1
70	74	0.01
30	18	1
31	19	0.168067226890756
27	23	1
28	16	1
18	30	1
0	12	1
6	10	1
11	7	0.01
13	1	1
12	0	1
16	28	0.0886524822695035
15	3	1
36	40	1
45	33	1
50	62	1
49	61	1
48	60	1
52	56	0.01
51	63	1
9	4	1
52	57	0.130378096479791
70	75	0.01
30	19	1
31	18	1
27	22	1
28	17	1
18	31	1
1	12	1
0	13	1
6	11	1
11	6	0.156494522691706
13	0	1
12	1	1
16	29	0.01
15	2	1
36	41	1
45	32	1
50	63	1
48	61	1
51	62	1
9	7	1
10	4	0.01
11	5	0.01
1	15	1
70	72	0.01
30	16	1
31	17	0.161812297734628
27	21	1
28	18	1
18	28	1
0	14	1
6	8	1
14	0	1
13	3	1
12	2	1
16	30	0.01
15	1	1
36	42	1
45	35	1
50	60	1
52	58	0.01
51	61	1
9	6	1
11	4	0.156494522691706
10	5	1
70	73	0.01
30	17	1
31	16	1
27	20	1
28	19	1
18	29	1
1	14	1
0	15	1
6	9	1
14	1	0.265957446808511
13	2	1
12	3	1
16	31	0.01
15	0	1
46	33	1
45	34	1
49	62	1
52	59	0.01
51	60	1
50	34	1
9	25	0.133333333333333
1	17	1
70	86	0.0886524822695035
30	14	1
31	15	1
27	11	1
28	12	1
24	8	1
25	9	1
21	5	1
0	16	1
10	26	0.01
12	28	1
17	1	1
16	0	1
15	31	1
20	4	1
19	3	1
18	2	1
52	36	0.0100441944556047
51	35	1
17	0	1
9	24	0.133333333333333
1	16	1
70	87	0.01
30	15	1
31	14	0.980392156862745
27	10	1
28	13	1
24	9	1
25	8	1
21	4	1
0	17	1
10	27	0.01
12	29	1
16	1	1
15	30	1
20	5	1
19	2	1
18	3	1
49	32	1
52	37	0.010501995379122
51	34	1
9	27	0.133333333333333
70	84	0.0443262411347518
30	12	1
31	13	1
27	9	1
28	14	0.284090909090909
24	10	1
25	11	1
21	7	1
22	4	1
23	5	1
1	19	1
0	18	1
10	24	0.01
12	30	1
17	3	0.01
16	2	1
15	29	1
19	1	1
18	0	1
48	34	1
51	33	1
9	26	0.133333333333333
70	85	0.0443262411347518
30	13	1
31	12	1
27	8	1
28	15	1
24	11	1
25	10	1
21	6	1
23	4	1
1	18	1
0	19	1
10	25	0.01
12	31	1
17	2	0.0886524822695035
16	3	1
15	28	1
19	0	1
18	1	1
49	34	1
48	35	1
52	39	0.01
51	32	1
9	29	0.133333333333333
30	10	1
31	11	1
28	8	0.520833333333333
24	12	1
25	13	1
21	1	1
22	2	1
23	3	1
18	6	1
0	20	1
6	18	1
10	30	0.0189933523266857
12	24	1
17	5	1
16	4	1
15	27	1
20	0	1
19	7	0.78125
48	36	1
52	32	0.01
51	39	1
9	28	0.133333333333333
70	83	0.0443262411347518
30	11	1
31	10	1
28	9	1
24	13	1
25	12	1
21	0	1
22	3	1
23	2	1
18	7	0.78125
2	23	1
1	20	1
0	21	1
10	31	0.01
12	25	1
17	4	1
16	5	1
15	26	1
20	1	1
19	6	0.78125
49	36	1
48	37	1
52	33	0.0100441944556047
51	38	1
9	31	0.133333333333333
52	34	1
21	3	0.186219739292365
22	0	0.186219739292365
23	1	0.186219739292365
70	80	0.01
30	8	1
31	9	1
28	10	1
24	14	1
25	15	1
0	22	1
6	16	1
10	28	0.01
12	26	1
16	6	1
15	25	1
20	2	1
19	5	0.78125
18	4	1
49	39	1
51	37	1
9	30	0.133333333333333
21	2	0.186219739292365
70	81	0.0443262411347518
30	9	1
28	11	1
24	15	1
25	14	1
22	1	1
23	0	1
0	23	1
6	17	1
10	29	0.01
12	27	1
16	7	1
15	24	1
20	3	1
19	4	0.769230769230769
18	5	1
49	38	1
52	35	0.0100441944556047
51	36	1
9	17	1
10	18	0.01
70	94	1
30	6	1
27	3	1
28	4	0.520833333333333
24	0	1
25	1	1
26	2	1
1	25	1
0	24	1
11	19	1
12	20	1
16	8	1
15	23	1
19	11	1
49	41	1
52	44	0.01
51	43	1
52	45	0.0162786911932281
9	16	1
10	19	0.01
11	18	1
70	95	1
30	7	1
27	2	1
28	5	1
24	1	1
25	0	1
26	3	1
0	25	1
12	21	1
16	9	1
15	22	1
19	10	1
45	52	1
49	40	1
51	42	1
52	46	0.01
9	19	1
10	16	0.0759878419452888
11	17	1
30	4	1
27	1	0.144092219020173
28	6	1
24	2	1
25	3	1
26	0	1
18	8	0.78125
1	27	1
0	26	1
6	28	1
12	22	1
16	10	1
15	21	1
19	9	1
48	42	1
51	41	1
52	47	0.0162786911932281
9	18	1
10	17	0.01
11	16	1
70	93	1
30	5	1
27	0	0.144092219020173
28	7	0.512820512820513
24	3	1
25	2	1
26	1	1
2	25	1
1	26	1
0	27	1
12	23	1
16	11	1
15	20	1
19	8	0.78125
49	42	1
48	43	1
51	40	1
9	21	0.133333333333333
70	90	1
30	2	1
27	7	1
28	0	0.144092219020173
29	1	1
24	4	1
25	5	1
26	6	1
21	9	1
2	30	1
1	29	1
6	26	1
10	22	0.155763239875389
12	16	1
16	12	0.512820512820513
15	19	1
19	15	1
45	49	1
48	44	1
52	40	0.0434782608695652
51	47	1
9	20	1
70	91	1
30	3	1
31	2	1
27	6	1
24	5	1
25	4	1
26	7	1
21	8	1
18	15	0.78125
6	27	1
11	22	1
10	23	0.0782472613458529
13	16	0.265957446808511
12	17	1
16	13	0.520833333333333
15	18	1
19	14	1
45	48	1
49	44	1
48	45	1
52	41	0.01
51	46	1
9	23	0.133333333333333
10	20	0.01
70	88	1
30	0	1
31	1	1
27	5	1
28	2	1
29	3	1
24	6	1
25	7	1
26	4	1
6	24	1
11	21	1
12	18	1
16	14	1
15	17	1
19	13	1
45	51	1
49	47	1
52	42	0.01
51	45	1
9	22	0.133333333333333
70	89	1
30	1	1
31	0	1
27	4	1
28	3	0.512820512820513
24	7	1
25	6	1
26	5	1
2	29	1
1	30	1
6	25	1
11	20	1
10	21	1
12	19	1
16	15	1
15	16	1
19	12	1
45	50	1
49	46	1
52	43	0.0316055625790139
51	44	1
9	41	0.01
10	42	1
2	34	1
42	10	0.26246719160105
37	5	1
70	102	1
30	62	0.161812297734628
31	63	0.01
27	59	1
0	32	1
15	47	1
36	4	1
46	14	1
45	13	1
48	16	1
52	20	1
51	19	1
9	40	0.01
10	43	0.0884173297966401
42	11	0.26246719160105
70	103	1
30	63	0.161812297734628
31	62	0.01
27	58	1
2	35	1
0	33	1
15	46	1
37	4	1
36	5	1
40	9	1
45	12	1
49	16	1
48	17	1
52	21	1
51	18	1
9	43	0.01
18	48	1
10	40	0.142450142450142
42	8	1
37	7	1
70	100	1
30	60	0.161812297734628
31	61	0.01
27	57	1
2	32	1
0	34	1
6	36	1
15	45	1
36	6	1
46	12	1
45	15	1
49	19	1
48	18	1
52	22	0.719424460431655
51	17	1
9	42	0.01
10	41	0.0178062678062678
2	33	1
42	9	1
37	6	1
70	101	1
30	61	0.161812297734628
27	56	1
0	35	1
15	44	1
36	7	1
40	11	1
46	13	1
45	14	1
49	18	1
48	19	1
52	23	0.0620732464307883
51	16	1
9	45	0.01
10	46	0.0886524822695035
70	98	1
30	58	0.161812297734628
32	4	1
27	63	1
1	37	1
6	34	1
15	43	1
38	2	1
37	1	1
36	0	1
40	12	1
42	14	1
46	10	1
45	9	1
49	21	1
53	17	1
52	16	1
51	23	1
9	44	0.01
10	47	0.01
70	99	1
30	59	0.161812297734628
31	58	0.01
32	5	1
27	62	1
18	55	1
2	39	1
6	35	1
15	42	1
37	0	1
36	1	1
40	13	1
42	15	1
47	10	1
46	11	1
45	8	1
49	20	1
52	17	0.168067226890756
51	22	1
9	47	0.01
10	44	0.0886524822695035
32	6	0.186219739292365
70	96	1
30	56	1
27	61	1
2	36	1
1	39	1
15	41	1
38	0	1
37	3	1
36	2	1
40	14	1
39	1	0.26525198938992
42	12	1
47	9	1
46	8	1
45	11	1
49	23	1
52	18	1
51	21	1
9	46	0.01
10	45	0.0443262411347518
32	7	0.186567164179104
70	97	1
30	57	0.161812297734628
27	60	1
25	62	1
2	37	1
1	38	1
6	33	1
15	40	1
38	1	1
37	2	1
36	3	1
39	0	0.26525198938992
42	13	1
47	8	1
46	9	1
45	10	1
49	22	1
52	19	0.980392156862745
51	20	1
9	33	0.01
32	8	1
10	34	0.0666666666666667
1	41	1
43	3	0.245098039215686
58	18	0.01
30	54	1
27	51	1
18	58	1
2	42	1
12	36	0.265957446808511
15	39	1
37	13	1
36	12	1
40	0	1
42	2	0.114155251141553
47	7	1
46	6	1
45	5	1
50	26	1
49	25	1
48	24	1
52	28	0.01
51	27	1
9	32	0.01
10	35	0.01
1	40	1
43	2	1
58	19	0.01
30	55	1
32	9	1
27	50	1
18	59	1
2	43	1
12	37	0.265957446808511
15	38	1
36	13	1
41	0	0.26525198938992
40	1	1
42	3	0.114155251141553
47	6	1
46	7	1
45	4	1
50	27	1
49	24	1
48	25	1
52	29	0.01
51	26	1
9	35	0.01
50	24	1
10	32	1
58	16	0.0664893617021277
30	52	1
32	10	0.01
27	49	1
18	56	1
2	40	1
15	37	0.520833333333333
36	14	1
40	2	0.26525198938992
42	0	1
47	5	1
46	4	1
45	7	1
49	27	1
48	26	1
52	30	0.01
51	25	1
9	34	0.01
10	33	0.132802124833997
52	31	0.202839756592292
1	42	1
58	17	0.132978723404255
30	53	1
32	11	0.01
27	48	1
18	57	1
2	41	1
15	36	0.520833333333333
36	15	1
40	3	0.26525198938992
43	0	0.114155251141553
42	1	1
47	4	1
46	5	1
45	6	1
50	25	1
48	27	1
51	24	1
9	37	0.01
10	38	0.01
1	45	1
58	22	0.01
30	50	1
31	51	0.01
32	12	0.0161134386077989
27	55	1
2	46	1
12	32	1
15	35	0.520833333333333
36	8	1
40	4	0.26525198938992
44	0	0.114155251141553
47	3	1
46	2	1
45	1	1
49	29	1
48	28	1
52	24	1
51	31	1
9	36	0.01
10	39	0.01
2	47	1
44	1	0.26246719160105
37	8	1
1	44	1
58	23	0.265957446808511
30	51	1
31	50	0.01
32	13	0.01
27	54	1
12	33	1
15	34	0.520833333333333
36	9	1
40	5	0.265957446808511
47	2	1
46	3	1
45	0	1
50	31	1
48	29	1
52	25	1
51	30	1
9	39	0.01
10	36	0.01
58	20	0.01
30	48	1
31	49	0.01
32	14	0.01
27	53	1
18	60	1
1	47	1
12	34	1
15	33	1
36	10	1
44	2	1
42	4	0.114155251141553
47	1	1
46	0	1
45	3	1
49	31	1
52	26	1
51	29	1
9	38	0.01
10	37	0.01
1	46	1
58	21	0.01
30	49	1
31	48	0.01
32	15	0.01
27	52	1
2	45	1
12	35	1
15	32	1
36	11	1
44	3	1
43	4	1
42	5	0.114155251141553
47	0	1
46	1	1
45	2	1
52	27	1
51	28	1
10	58	0.384615384615385
9	57	0.01
36	20	1
2	50	1
59	11	1
30	46	1
31	47	0.01
27	43	1
18	34	1
1	49	1
16	32	1
15	63	0.265957446808511
37	21	1
45	29	1
49	1	1
48	0	1
53	5	0.0316055625790139
52	4	1
51	3	1
9	56	0.01
10	59	1
36	21	1
2	51	1
59	10	1
30	47	1
31	46	0.01
27	42	1
18	35	1
1	48	1
15	62	0.265957446808511
46	31	1
45	28	1
49	0	1
48	1	1
53	4	0.0434782608695652
52	5	1
51	2	1
53	7	0.0162786911932281
10	56	0.01
9	59	0.01
2	48	1
36	22	1
30	44	1
31	45	0.01
27	41	1
18	32	1
1	51	1
15	61	0.265957446808511
46	28	1
45	31	1
48	2	1
52	6	1
51	1	1
53	6	0.0162786911932281
10	57	1
9	58	0.01
36	23	1
2	49	1
30	45	1
31	44	0.0161134386077989
27	40	1
18	33	1
15	60	0.265957446808511
37	22	1
46	29	1
45	30	1
49	2	1
48	3	1
52	7	1
51	0	1
9	61	0.01
10	62	0.01
36	16	1
30	42	1
31	43	0.01
32	20	0.01
27	47	1
28	40	1
18	38	1
2	54	1
1	53	1
15	59	0.265957446808511
46	26	1
45	25	1
48	4	1
53	1	1
52	0	1
51	7	1
9	60	0.01
10	63	0.01
36	17	1
30	43	1
31	42	0.01
32	21	1
27	46	1
18	39	1
2	55	1
1	52	1
15	58	0.265957446808511
37	16	1
46	27	1
45	24	1
49	4	1
48	5	1
53	0	1
52	1	1
51	6	1
9	63	0.01
53	3	1
10	60	0.155763239875389
36	18	1
2	52	1
59	13	1
30	40	1
31	41	0.01
27	45	1
18	36	1
1	55	1
15	57	0.265957446808511
46	24	1
45	27	1
48	6	1
52	2	1
51	5	1
9	62	0.01
10	61	0.0782472613458529
53	2	0.202839756592292
36	19	1
59	12	1
30	41	1
31	40	0.01
27	44	1
28	43	1
18	37	1
1	54	1
15	56	0.265957446808511
46	25	1
45	26	1
49	6	1
48	7	1
52	3	1
51	4	1
9	49	0.01
10	50	0.01
0	56	1
69	125	1
60	4	1
57	1	0.265957446808511
59	3	0.01
30	38	1
31	39	0.01
27	35	1
28	36	1
18	42	1
2	58	1
15	55	0.265957446808511
46	22	1
45	21	1
48	8	1
53	13	0.01
52	12	0.980392156862745
51	11	1
9	48	0.01
10	51	0.0886524822695035
0	57	1
69	124	1
60	5	1
57	0	0.265957446808511
59	2	0.0886524822695035
30	39	1
31	38	0.01
27	34	1
28	37	1
18	43	1
1	56	1
15	54	0.265957446808511
46	23	1
45	20	1
49	8	1
48	9	1
53	12	0.01
52	13	1
51	10	1
9	51	0.01
10	48	0.01
0	58	1
69	127	1
60	6	1
58	0	0.265957446808511
30	36	1
31	37	0.01
27	33	1
28	38	1
18	40	1
2	56	1
1	59	1
15	53	0.265957446808511
36	30	1
46	20	1
45	23	1
50	8	1
52	14	1
51	9	1
9	50	0.01
10	49	0.01
0	59	1
69	126	1
60	7	1
30	37	1
31	36	0.01
27	32	1
28	39	1
18	41	1
1	58	1
15	52	0.265957446808511
36	31	1
46	21	1
45	22	1
49	10	1
52	15	0.161812297734628
51	8	1
10	54	0.01
9	53	0.01
53	9	0.130378096479791
0	60	1
36	24	1
60	0	1
61	1	1
30	34	1
31	35	0.01
27	39	1
28	32	1
18	46	1
15	51	1
37	25	1
46	18	1
52	8	1
51	15	1
10	55	0.16025641025641
9	52	0.01
18	47	1
0	61	1
36	25	1
63	2	1
60	1	1
61	0	1
30	35	1
31	34	1
32	29	1
27	38	1
28	33	1
2	63	1
1	60	1
15	50	1
46	19	1
49	12	1
53	8	0.01
52	9	1
51	14	1
10	52	0.036231884057971
9	55	0.01
31	33	1
0	62	1
36	26	1
63	1	1
60	2	1
61	3	1
62	0	1
30	32	1
27	37	1
18	44	1
15	49	0.26525198938992
37	27	1
46	16	1
45	19	1
48	14	1
53	11	0.01
52	10	1
51	13	1
10	53	0.01
9	54	0.01
36	27	1
63	0	1
60	3	1
61	2	1
62	1	1
30	33	1
31	32	0.01
27	36	1
28	35	1
18	45	1
15	48	0.26525198938992
37	26	1
46	17	1
45	18	1
49	14	1
48	15	1
53	10	0.0102030405060708
52	11	1
51	12	1
9	73	0.01
10	74	0.01
66	2	1
69	5	1
70	6	1
71	7	1
67	3	0.0162048290390536
30	94	1
27	91	1
25	89	1
2	66	1
15	79	0.0886524822695035
51	115	1
9	72	0.01
10	75	1
66	3	1
69	4	1
70	7	1
30	95	1
27	90	1
25	88	1
2	67	1
15	78	0.0886524822695035
49	112	1
51	114	1
9	75	0.133333333333333
10	72	0.02710027100271
69	7	1
70	4	1
71	5	1
66	0	0.0162048290390536
30	92	1
27	89	1
25	91	1
2	64	1
15	77	0.0886524822695035
51	113	1
9	74	0.01
10	73	0.01
69	6	1
70	5	1
71	4	1
66	1	0.0162048290390536
67	0	0.0162048290390536
65	2	0.0885739592559787
30	93	1
27	88	1
25	90	1
2	65	1
15	76	0.0886524822695035
48	115	1
51	112	1
9	77	0.133333333333333
10	78	1
66	6	1
68	0	1
69	1	1
70	2	1
30	90	1
27	95	1
15	75	0.0886524822695035
48	116	1
51	119	1
9	76	0.133333333333333
10	79	1
66	7	1
69	0	1
70	3	1
30	91	1
27	94	1
25	92	1
15	74	0.0886524822695035
48	117	1
51	118	1
9	79	0.133333333333333
10	76	0.231481481481481
66	4	1
67	5	1
68	2	1
69	3	1
70	0	1
71	1	1
30	88	1
27	93	1
2	68	1
15	73	0.0886524822695035
48	118	1
51	117	1
9	78	0.133333333333333
66	5	1
67	4	1
69	2	1
70	1	1
71	0	1
30	89	1
27	92	1
2	69	1
10	77	1
15	72	0.0886524822695035
48	119	1
51	116	1
9	65	0.01
10	66	0.01
66	10	1
67	11	1
69	13	1
70	14	1
30	86	1
27	83	1
15	71	0.0886524822695035
48	120	1
51	123	1
9	64	0.01
10	67	0.01
66	11	1
67	10	1
69	12	1
70	15	1
30	87	1
27	82	1
15	70	0.265957446808511
48	121	1
51	122	1
9	67	0.01
10	64	0.01
66	8	1
67	9	1
74	0	1
69	15	1
70	12	1
71	13	1
30	84	1
27	81	1
25	83	1
15	69	0.265957446808511
48	122	1
51	121	1
9	66	0.01
10	65	0.01
66	9	1
74	1	1
69	14	1
70	13	1
71	12	1
30	85	1
27	80	1
15	68	0.265957446808511
48	123	1
51	120	1
9	69	0.01
10	70	0.01
69	9	1
71	11	1
30	82	1
27	87	1
25	85	1
15	67	0.265957446808511
49	125	1
48	124	1
51	127	1
9	68	0.01
10	71	0.134952766531714
69	8	1
70	11	1
71	10	1
30	83	1
27	86	1
25	84	1
15	66	0.265957446808511
48	125	1
51	126	1
9	71	0.01
10	68	0.01
66	12	1
67	13	1
69	11	1
70	8	1
30	80	1
27	85	1
25	87	1
15	65	0.265957446808511
49	127	1
48	126	1
51	125	1
9	70	0.01
10	69	0.0191901746305891
69	10	1
70	9	1
71	8	1
30	81	1
27	84	1
15	64	0.265957446808511
48	127	1
51	124	1
49	97	1
9	89	1
69	21	1
70	22	1
30	78	1
27	75	0.28735632183908
25	73	1
10	90	1
15	95	0.01
48	96	1
51	99	0.191570881226054
66	19	1
9	88	1
69	20	1
70	23	1
30	79	1
27	74	0.28735632183908
25	72	1
10	91	1
15	94	0.01
48	97	1
51	98	0.191570881226054
49	99	1
10	88	1
9	91	1
69	23	1
58	104	1
30	76	1
27	73	1
25	75	1
15	93	0.01
51	97	0.191570881226054
9	90	1
69	22	1
58	105	1
30	77	1
27	72	1
25	74	1
10	89	1
15	92	0.01
51	96	0.191570881226054
66	22	1
9	93	1
69	17	1
30	74	0.191570881226054
27	79	1
10	94	0.925925925925926
15	91	0.265957446808511
51	103	1
49	100	1
66	23	1
9	92	1
69	16	1
30	75	1
27	78	0.28735632183908
15	90	0.265957446808511
51	102	1
66	20	1
9	95	1
69	19	1
70	16	1
30	72	0.191570881226054
27	77	0.28735632183908
10	92	1
15	89	0.265957446808511
48	102	1
51	101	0.191570881226054
49	102	1
66	21	1
9	94	1
69	18	1
30	73	0.191570881226054
27	76	0.28735632183908
10	93	1
15	88	0.265957446808511
48	103	1
51	100	0.191570881226054
9	81	0.133333333333333
66	26	1
69	29	1
30	70	0.191570881226054
27	67	1
25	65	1
10	82	1
15	87	0.265957446808511
49	105	1
48	104	1
51	107	1
9	80	0.133333333333333
66	27	1
69	28	1
70	31	1
30	71	0.191570881226054
27	66	1
25	64	1
10	83	1
15	86	0.265957446808511
49	104	1
48	105	1
51	106	1
9	83	0.133333333333333
25	67	1
66	24	1
69	31	1
70	28	1
30	68	0.191570881226054
27	65	1
10	80	1
15	85	0.265957446808511
49	107	1
48	106	1
51	105	1
9	82	0.133333333333333
66	25	1
69	30	1
70	29	1
30	69	0.191570881226054
27	64	1
25	66	1
10	81	1
15	84	0.265957446808511
49	106	1
48	107	1
51	104	1
9	85	1
69	25	1
70	26	0.0442086648983201
30	66	0.191570881226054
27	71	1
25	69	1
10	86	1
15	83	0.265957446808511
49	109	1
48	108	1
51	111	1
9	84	1
69	24	1
58	103	1
30	67	0.191570881226054
27	70	1
25	68	1
10	87	1
15	82	0.265957446808511
49	108	1
48	109	1
51	110	1
9	87	1
66	28	1
69	27	1
70	24	1
30	64	0.161812297734628
31	65	1
27	69	1
25	71	1
10	84	1
15	81	0.265957446808511
49	111	1
48	110	1
51	109	1
9	86	1
66	29	1
10	85	1
69	26	1
70	25	1
30	65	0.161812297734628
27	68	1
25	70	1
15	80	0.265957446808511
49	110	1
51	108	1
10	106	1
9	105	1
69	37	1
30	126	1
27	123	1
15	111	0.01
49	81	1
48	80	1
51	83	0.161812297734628
9	104	1
10	107	1
69	36	1
70	39	1
30	127	1
27	122	1
15	110	0.01
48	81	1
52	85	1
51	82	0.161812297734628
9	107	1
70	36	1
30	124	1
27	121	1
15	109	0.01
49	83	0.512820512820513
48	82	1
51	81	0.161812297734628
9	106	1
69	38	1
30	125	1
27	120	1
15	108	0.01
49	82	1
48	83	1
51	80	0.161812297734628
10	110	1
9	109	1
69	33	1
70	34	1
30	122	0.191570881226054
27	127	1
15	107	0.01
48	84	1
51	87	0.161812297734628
10	111	1
9	108	1
69	32	1
30	123	0.191570881226054
27	126	1
15	106	0.01
49	84	0.520833333333333
48	85	1
51	86	0.161812297734628
10	108	1
69	35	1
70	32	1
30	120	0.191570881226054
27	125	1
15	105	0.01
48	86	1
51	85	0.161812297734628
69	34	1
70	33	1
30	121	0.191570881226054
27	124	1
10	109	1
15	104	0.01
48	87	1
51	84	0.161812297734628
9	97	1
69	45	1
30	118	0.191570881226054
27	115	1
15	103	0.01
49	89	0.520833333333333
48	88	1
51	91	0.191570881226054
9	96	1
69	44	1
30	119	0.191570881226054
27	114	1
15	102	0.01
48	89	1
51	90	0.161812297734628
9	99	1
30	116	0.191570881226054
27	113	1
15	101	0.01
49	91	1
51	89	0.161812297734628
49	90	1
9	98	1
69	46	1
30	117	0.191570881226054
0	107	1
15	100	0.01
51	88	0.161812297734628
10	102	1
9	101	1
30	114	0.191570881226054
27	119	1
0	108	1
15	99	0.01
49	93	1
51	95	0.191570881226054
10	103	1
9	100	1
30	115	0.191570881226054
27	118	1
0	109	1
15	98	0.01
51	94	0.191570881226054
49	95	1
9	103	1
70	40	1
30	112	1
27	117	1
0	110	1
15	97	0.01
48	94	1
51	93	0.191570881226054
9	102	1
70	41	1
30	113	0.191570881226054
27	116	1
10	101	1
0	111	1
15	96	0.01
49	94	1
48	95	1
51	92	0.191570881226054
69	53	1
30	110	1
0	112	1
15	127	0.01
49	65	1
52	68	0.01
51	67	1
69	52	1
30	111	1
0	113	1
15	126	0.0886524822695035
49	64	1
52	69	0.01
51	66	1
50	64	1
69	55	1
30	108	1
15	125	0.0886524822695035
49	67	0.28735632183908
48	66	1
52	70	0.01
51	65	1
69	54	1
30	109	1
15	124	0.0886524822695035
50	65	1
49	66	0.284090909090909
48	67	1
52	71	0.01
51	64	1
30	106	1
15	123	0.0886524822695035
49	69	1
48	68	1
52	64	0.01
51	71	1
49	68	1
30	107	1
31	106	1
15	122	0.0886524822695035
50	71	1
48	69	1
52	65	0.01
51	70	1
50	68	0.200400801603206
30	104	1
15	121	0.0886524822695035
49	71	1
52	66	0.01
51	69	1
30	105	1
15	120	0.0886524822695035
49	70	1
52	67	0.01
51	68	1
30	102	1
27	99	1
10	114	1
15	119	0.01
49	73	1
51	75	1
69	60	1
30	103	1
27	98	1
15	118	0.01
49	72	1
51	74	1
30	100	1
27	97	1
10	112	1
15	117	0.01
48	74	1
51	73	1
30	101	1
27	96	1
10	113	1
15	116	0.01
49	74	1
48	75	1
51	72	1
69	57	1
30	98	1
15	115	0.01
48	76	1
52	72	0.01
51	79	1
69	56	1
30	99	1
0	125	1
15	114	0.01
49	76	1
48	77	1
52	73	0.01
51	78	1
69	59	1
30	96	1
10	116	1
0	126	1
15	113	0.01
49	79	1
48	78	1
52	74	0.01
51	77	1
69	58	1
30	97	1
27	100	1
0	127	1
15	112	0.01
49	78	1
48	79	1
51	76	1
69	197	1
57	185	0.01
30	158	1
27	155	1
0	128	1
15	143	0.01
49	177	1
51	179	1
69	196	1
57	184	0.01
30	159	1
27	154	1
0	129	1
15	142	0.01
49	176	1
51	178	1
69	199	1
57	187	0.01
30	156	1
27	153	1
0	130	1
15	141	0.01
51	177	1
69	198	1
57	186	0.01
30	157	1
27	152	1
0	131	1
15	140	0.01
49	178	1
48	179	1
51	176	1
69	193	1
57	189	0.01
30	154	1
27	159	1
0	132	1
15	139	0.01
48	180	1
51	183	1
69	192	1
57	188	0.01
30	155	1
27	158	1
0	133	1
15	138	0.01
48	181	1
51	182	1
69	195	1
57	191	0.01
30	152	1
27	157	1
15	137	0.01
48	182	1
51	181	1
69	194	1
57	190	0.01
30	153	1
27	156	1
15	136	0.01
49	182	1
48	183	1
51	180	1
69	205	1
57	177	0.01
30	150	1
15	135	0.01
49	185	1
48	184	1
51	187	1
69	204	1
57	176	0.01
30	151	1
15	134	0.01
49	184	1
48	185	1
51	186	1
57	179	0.01
30	148	1
0	138	1
15	133	0.01
49	187	1
48	186	1
51	185	1
49	186	1
57	178	0.01
30	149	1
0	139	1
15	132	0.01
48	187	1
51	184	1
69	201	1
57	181	0.01
30	146	1
27	151	1
0	140	1
15	131	0.01
48	188	1
51	191	1
69	200	1
57	180	0.01
30	147	1
0	141	1
15	130	0.01
51	190	1
49	191	0.200400801603206
69	203	1
57	183	0.01
30	144	1
0	142	1
15	129	0.01
51	189	1
49	190	0.0162786911932281
69	202	1
57	182	0.01
30	145	1
0	143	1
15	128	0.01
51	188	1
57	169	0.265957446808511
30	142	1
0	144	1
15	159	1
48	160	1
51	163	1
57	168	0.265957446808511
30	143	1
27	138	1
0	145	1
15	158	0.01
48	161	1
51	162	1
49	163	1
57	171	0.265957446808511
30	140	1
27	137	1
0	146	1
15	157	0.01
48	162	1
51	161	1
57	170	0.265957446808511
30	141	1
27	136	1
0	147	1
15	156	0.01
49	162	0.198019801980198
48	163	1
51	160	0.191570881226054
57	173	0.01
30	138	1
15	155	0.01
49	165	0.198019801980198
48	164	1
51	167	1
57	172	0.01
30	139	1
15	154	0.01
49	164	0.198019801980198
48	165	1
51	166	1
57	175	0.01
30	136	1
15	153	0.01
49	167	1
48	166	1
51	165	1
57	174	0.01
30	137	1
15	152	0.01
49	166	0.198019801980198
48	167	1
51	164	1
69	221	1
57	161	0.0886524822695035
30	134	1
27	131	1
15	151	0.01
49	169	1
48	168	1
51	171	1
69	220	1
57	160	0.0886524822695035
30	135	1
27	130	1
15	150	0.01
49	168	1
48	169	1
51	170	1
69	223	1
57	163	0.265957446808511
30	132	1
27	129	1
15	149	0.01
49	171	1
48	170	1
51	169	1
69	222	1
57	162	0.0886524822695035
30	133	1
27	128	1
15	148	0.01
48	171	1
51	168	1
57	165	0.265957446808511
30	130	1
27	135	1
15	147	0.01
49	173	1
48	172	1
51	175	1
57	164	0.265957446808511
30	131	1
27	134	1
15	146	0.01
49	172	1
48	173	1
51	174	1
57	167	0.265957446808511
30	128	1
27	133	1
15	145	0.01
49	175	1
48	174	1
51	173	1
57	166	0.265957446808511
30	129	1
27	132	1
15	144	0.01
49	174	1
51	172	1
69	229	1
57	153	0.265957446808511
30	190	0.01
0	160	1
15	175	0.352112676056338
48	144	1
51	147	1
69	228	1
57	152	0.265957446808511
30	191	0.01
27	186	1
0	161	1
15	174	0.352112676056338
51	146	1
69	231	1
57	155	0.0886524822695035
30	188	0.01
27	185	1
0	162	1
15	173	0.352112676056338
51	145	1
69	230	1
57	154	0.265957446808511
30	189	0.01
27	184	1
0	163	1
15	172	0.352112676056338
51	144	1
69	225	1
57	157	0.0886524822695035
30	186	0.01
0	164	1
15	171	0.352112676056338
51	151	0.191570881226054
69	224	1
57	156	0.0886524822695035
30	187	0.01
0	165	1
15	170	0.352112676056338
48	149	1
51	150	0.191570881226054
69	227	1
57	159	0.0886524822695035
30	184	0.01
0	166	1
15	169	0.352112676056338
48	150	1
51	149	0.191570881226054
69	226	1
57	158	0.0886524822695035
30	185	0.01
0	167	1
15	168	0.352112676056338
48	151	1
51	148	0.191570881226054
69	237	1
30	182	0.01
27	179	1
0	168	1
15	167	0.352112676056338
48	152	1
51	155	0.191570881226054
49	152	1
69	236	1
30	183	0.01
0	169	1
15	166	0.352112676056338
48	153	1
51	154	0.191570881226054
30	180	0.186219739292365
69	239	1
57	147	0.265957446808511
0	170	1
15	165	1
48	154	1
51	153	0.191570881226054
49	154	1
30	181	0.186219739292365
69	238	1
0	171	1
15	164	1
51	152	0.191570881226054
69	233	1
57	149	0.265957446808511
30	178	0.191570881226054
27	183	1
0	172	1
15	163	1
49	157	0.198019801980198
51	159	0.191570881226054
49	156	1
69	232	1
57	148	0.265957446808511
30	179	0.191570881226054
27	182	1
0	173	1
15	162	1
51	158	0.191570881226054
69	235	1
57	151	0.265957446808511
30	176	0.191570881226054
27	181	1
0	174	1
15	161	1
49	159	0.198019801980198
51	157	0.191570881226054
69	234	1
57	150	0.265957446808511
30	177	0.191570881226054
27	180	1
0	175	1
15	160	1
48	159	1
51	156	0.191570881226054
69	245	1
30	174	0.191570881226054
27	171	1
15	191	0.01
49	129	1
48	128	1
51	131	1
69	244	1
30	175	0.191570881226054
27	170	1
15	190	0.01
48	129	1
51	130	1
69	247	1
30	172	0.191570881226054
27	169	1
15	189	0.01
49	131	1
48	130	1
51	129	1
69	246	1
30	173	0.191570881226054
15	188	0.01
48	131	1
51	128	1
69	241	1
30	170	0.191570881226054
15	187	0.01
48	132	1
51	135	1
69	240	1
30	171	0.191570881226054
27	174	1
15	186	0.01
49	132	1
48	133	1
51	134	1
69	243	1
30	168	0.191570881226054
27	173	1
15	185	0.01
48	134	1
51	133	1
69	242	1
30	169	0.191570881226054
27	172	1
15	184	0.01
49	134	1
51	132	1
30	166	0.191570881226054
15	183	0.01
51	139	1
30	167	0.191570881226054
15	182	0.01
51	138	1
30	164	0.191570881226054
15	181	0.01
51	137	1
30	165	0.191570881226054
27	160	1
15	180	0.01
48	139	1
51	136	1
30	162	0.191570881226054
15	179	0.352112676056338
48	140	1
51	143	1
30	163	0.191570881226054
15	178	0.352112676056338
48	141	1
51	142	1
30	160	1
15	177	0.352112676056338
48	142	1
51	141	1
30	161	1
15	176	0.352112676056338
48	143	1
51	140	1
30	222	0.01
15	207	1
48	240	1
51	243	1
30	223	0.01
15	206	1
48	241	1
51	242	1
9	203	1
69	135	1
30	220	0.01
15	205	0.265957446808511
51	241	1
69	134	1
30	221	0.01
15	204	0.265957446808511
51	240	1
9	205	1
30	218	0.01
15	203	0.265957446808511
51	247	1
9	204	1
30	219	0.01
15	202	0.265957446808511
51	246	1
9	207	1
30	216	0.01
15	201	0.265957446808511
48	246	1
51	245	1
9	206	1
30	217	0.01
15	200	0.265957446808511
48	247	1
51	244	1
69	141	1
30	214	0.01
15	199	0.265957446808511
48	248	1
51	251	1
69	140	1
30	215	0.01
15	198	0.01
48	249	1
51	250	1
69	143	1
30	212	0.01
15	197	0.01
48	250	1
51	249	1
69	142	1
30	213	0.01
15	196	0.01
48	251	1
51	248	1
69	137	1
30	210	0.01
15	195	0.01
48	252	1
51	255	1
69	136	1
30	211	0.01
15	194	0.01
48	253	1
51	254	1
69	139	1
30	208	0.01
15	193	0.01
48	254	1
51	253	1
69	138	1
30	209	0.01
15	192	0.01
48	255	1
51	252	1
9	217	0.156494522691706
57	233	0.265957446808511
30	206	0.01
48	224	1
51	227	1
9	216	0.156494522691706
57	232	0.265957446808511
30	207	0.01
48	225	1
51	226	1
9	219	0.156494522691706
57	235	0.265957446808511
30	204	0.01
48	226	1
51	225	1
9	218	0.156494522691706
57	234	0.265957446808511
30	205	0.01
48	227	1
51	224	1
9	221	0.156494522691706
69	145	1
57	237	0.265957446808511
30	202	0.01
51	231	1
9	220	0.156494522691706
69	144	1
57	236	0.265957446808511
30	203	0.01
51	230	1
9	223	0.132978723404255
69	147	1
30	200	0.01
51	229	1
9	222	0.156494522691706
69	146	1
30	201	0.01
51	228	1
9	209	1
69	157	1
57	225	0.01
30	198	0.01
27	195	1
48	232	1
51	235	1
9	208	1
69	156	1
57	224	0.01
30	199	0.01
48	233	1
51	234	1
9	211	1
69	159	1
57	227	0.01
30	196	0.01
15	213	1
48	234	1
51	233	1
9	210	1
69	158	1
57	226	0.01
30	197	0.01
15	212	1
48	235	1
51	232	1
9	213	1
57	229	0.01
30	194	0.01
15	211	1
48	236	1
51	239	1
9	212	1
57	228	0.01
30	195	0.01
15	210	1
48	237	1
51	238	1
9	215	0.156494522691706
69	155	1
57	231	0.01
30	192	0.01
15	209	1
48	238	1
51	237	1
9	214	0.156494522691706
69	154	1
57	230	0.01
30	193	0.01
27	196	1
15	208	1
48	239	1
51	236	1
9	233	0.01
69	165	1
57	217	0.01
30	254	0.01
48	208	1
51	211	1
9	232	0.01
69	164	1
57	216	0.01
30	255	0.01
48	209	1
51	210	1
9	235	0.01
69	167	1
57	219	0.01
30	252	0.01
49	211	1
48	210	1
51	209	1
9	234	0.01
69	166	1
57	218	0.01
30	253	0.01
48	211	1
51	208	1
9	237	0.01
69	161	1
57	221	0.01
30	250	0.01
48	212	1
51	215	1
9	236	0.01
69	160	1
57	220	0.01
30	251	0.01
48	213	1
51	214	1
9	239	0.01
69	163	1
57	223	0.01
30	248	0.01
48	214	1
51	213	1
9	238	0.01
69	162	1
57	222	0.01
30	249	0.01
48	215	1
51	212	1
9	225	0.132978723404255
69	173	0.0443262411347518
57	209	0.01
30	246	0.01
48	216	1
51	219	1
9	224	0.132978723404255
69	172	0.0443262411347518
57	208	0.01
30	247	0.01
48	217	1
51	218	1
9	227	0.01
69	175	0.0443262411347518
57	211	0.01
30	244	0.01
48	218	1
51	217	1
9	226	0.01
69	174	0.0443262411347518
57	210	0.01
30	245	0.01
48	219	1
51	216	1
9	229	0.01
69	169	0.0443262411347518
57	213	0.01
30	242	0.01
48	220	1
51	223	1
9	228	0.01
69	168	0.0443262411347518
57	212	0.01
30	243	0.01
48	221	1
51	222	1
9	231	0.01
69	171	0.0443262411347518
57	215	0.01
30	240	0.01
48	222	1
51	221	1
9	230	0.01
69	170	0.0443262411347518
57	214	0.01
30	241	0.01
48	223	1
51	220	1
9	249	0.01
69	181	0.0443262411347518
57	201	0.01
30	238	0.01
51	195	1
49	192	0.0162786911932281
9	248	0.01
69	180	0.0443262411347518
57	200	0.01
30	239	0.01
48	193	1
51	194	1
9	251	0.01
57	203	0.01
30	236	0.01
48	194	1
51	193	1
9	250	0.01
57	202	0.01
30	237	0.01
48	195	1
51	192	1
9	253	0.01
69	177	0.0443262411347518
57	205	0.01
30	234	0.01
48	196	1
51	199	1
9	252	0.01
69	176	0.0443262411347518
57	204	0.01
30	235	0.01
48	197	1
51	198	1
9	255	0.01
69	179	0.0443262411347518
57	207	0.01
30	232	0.01
48	198	1
51	197	1
9	254	0.01
69	178	0.0443262411347518
57	206	0.01
30	233	0.01
48	199	1
51	196	1
9	241	0.01
69	189	1
57	193	0.01
30	230	0.01
48	200	1
51	203	1
9	240	0.01
69	188	1
57	192	0.01
30	231	0.01
48	201	1
51	202	1
9	243	0.01
69	191	1
57	195	0.01
30	228	0.01
49	203	1
48	202	1
51	201	1
9	242	0.01
69	190	1
57	194	0.01
30	229	0.01
49	202	1
48	203	1
51	200	1
9	245	0.01
57	197	0.01
30	226	0.01
49	205	1
48	204	1
51	207	1
9	244	0.01
57	196	0.01
30	227	0.01
49	204	1
48	205	1
51	206	1
9	247	0.01
69	187	1
57	199	0.01
30	224	0.01
49	207	1
48	206	1
51	205	1
9	246	0.01
69	186	1
57	198	0.01
30	225	0.01
48	207	1
51	204	1
9	265	0.01
30	286	0.01
51	307	1
9	264	0.01
30	287	0.01
48	305	1
51	306	1
9	267	0.01
30	284	0.01
48	306	1
51	305	1
9	266	0.01
30	285	0.01
48	307	1
51	304	1
9	269	0.01
30	282	0.01
48	308	1
51	311	1
9	268	0.01
30	283	0.01
48	309	1
51	310	1
9	271	0.01
30	280	0.01
48	310	1
51	309	1
9	270	0.01
30	281	0.01
48	311	1
51	308	1
9	257	0.01
30	278	0.01
48	312	1
51	315	1
9	256	0.01
30	279	0.01
48	313	1
51	314	1
9	259	0.01
30	276	0.01
48	314	1
51	313	1
9	258	0.01
30	277	0.01
48	315	1
51	312	1
9	261	0.01
30	274	0.01
48	316	1
51	319	1
9	260	0.01
30	275	0.01
48	317	1
51	318	1
9	263	0.01
30	272	0.01
48	318	1
51	317	1
9	262	0.01
30	273	0.01
48	319	1
51	316	1
9	281	0.156494522691706
30	270	0.01
48	288	1
51	291	0.0655737704918033
9	280	0.156494522691706
30	271	0.01
51	290	0.0655737704918033
9	283	1
30	268	0.01
51	289	0.0655737704918033
9	282	0.156494522691706
30	269	0.01
51	288	0.0655737704918033
9	285	1
30	266	0.01
51	295	1
9	284	1
30	267	0.01
48	293	1
51	294	0.0655737704918033
9	287	1
30	264	0.01
48	294	1
51	293	0.0655737704918033
9	286	1
30	265	0.01
48	295	1
51	292	0.0655737704918033
9	273	0.01
30	262	0.01
48	296	1
51	299	1
9	272	0.01
30	263	0.01
48	297	1
51	298	1
9	275	0.132978723404255
30	260	0.01
48	298	1
51	297	1
9	274	0.132978723404255
30	261	0.01
48	299	1
51	296	1
9	277	0.132978723404255
30	258	0.01
48	300	1
51	303	1
9	276	0.132978723404255
30	259	0.01
51	302	1
9	279	0.132978723404255
30	256	0.01
51	301	1
9	278	0.132978723404255
30	257	0.01
51	300	1
24	312	1
30	318	0.01
9	297	1
48	272	1
51	275	0.0655737704918033
24	313	1
30	319	0.01
9	296	1
48	273	1
51	274	0.0655737704918033
30	316	0.01
24	314	1
9	299	1
48	274	1
51	273	0.0655737704918033
30	317	0.01
24	315	1
9	298	1
48	275	1
51	272	1
30	314	0.01
24	316	1
9	301	1
48	276	1
51	279	0.0655737704918033
30	315	0.01
24	317	1
9	300	1
48	277	1
51	278	0.0655737704918033
30	312	0.01
24	318	1
9	303	1
48	278	1
51	277	0.0655737704918033
30	313	0.01
24	319	1
9	302	1
51	276	0.0655737704918033
30	310	0.01
9	289	1
51	283	0.0655737704918033
9	288	1
30	311	0.01
51	282	0.0655737704918033
30	308	0.01
9	291	1
51	281	0.0655737704918033
30	309	0.01
9	290	1
48	283	1
51	280	0.0655737704918033
30	306	0.01
24	308	1
9	293	1
48	284	1
51	287	0.0655737704918033
30	307	0.01
24	309	1
9	292	1
48	285	1
51	286	0.0655737704918033
30	304	0.01
24	310	1
9	295	1
48	286	1
51	285	0.0655737704918033
30	305	0.01
24	311	1
9	294	1
48	287	1
51	284	0.0655737704918033
30	302	0.0161134386077989
9	313	0.156494522691706
51	259	1
30	303	0.0161134386077989
9	312	0.156494522691706
51	258	1
30	300	0.0161134386077989
9	315	0.156494522691706
51	257	1
30	301	0.0161134386077989
9	314	0.156494522691706
51	256	1
30	298	0.0161134386077989
9	317	0.156494522691706
48	260	1
51	263	1
30	299	0.0161134386077989
9	316	0.156494522691706
48	261	1
51	262	1
30	296	0.0161134386077989
9	319	0.156494522691706
48	262	1
51	261	1
30	297	0.0161134386077989
9	318	0.156494522691706
48	263	1
51	260	1
30	294	0.01
9	305	1
48	264	1
51	267	1
30	295	0.01
9	304	1
48	265	1
51	266	1
30	292	0.01
9	307	1
48	266	1
51	265	1
30	293	0.01
9	306	1
48	267	1
51	264	1
30	290	0.01
9	309	1
48	268	1
51	271	1
30	291	0.01
9	308	1
48	269	1
51	270	1
30	288	0.01
9	311	1
48	270	1
51	269	1
30	289	0.01
9	310	1
48	271	1
51	268	1
69	261	1
30	350	0.01
9	329	0.01
48	368	1
51	371	0.01
51	370	0.202839756592292
69	260	1
30	351	0.01
9	328	0.01
48	369	1
51	369	0.202839756592292
30	348	0.01
9	331	0.01
48	370	1
51	368	0.202839756592292
30	349	0.01
9	330	0.01
48	371	1
30	346	0.01
9	333	0.01
48	372	1
51	375	0.01
30	347	0.01
9	332	0.01
48	373	1
51	374	0.01
30	344	0.01
9	335	0.01
48	374	1
51	373	0.01
30	345	0.01
9	334	0.01
48	375	1
51	372	0.01
51	379	1
30	342	0.01
9	321	0.156494522691706
48	376	1
30	343	0.01
9	320	0.156494522691706
51	378	0.01
69	271	1
30	340	0.01
9	323	0.156494522691706
51	377	0.01
69	270	1
30	341	0.01
9	322	0.156494522691706
51	376	0.01
30	338	0.01
9	325	0.156494522691706
51	383	0.0100441944556047
51	382	1
30	339	0.01
9	324	0.156494522691706
48	381	1
51	381	1
30	336	0.01
9	327	0.01
48	382	1
51	380	1
30	337	0.01
9	326	0.01
48	383	1
48	352	1
69	277	1
30	334	0.01
9	345	0.01
51	355	1
69	276	1
30	335	0.01
9	344	0.01
48	353	0.28735632183908
51	354	1
69	279	1
30	332	0.01
24	330	1
9	347	0.01
48	354	0.28735632183908
51	353	1
69	278	1
30	333	0.01
24	331	1
9	346	0.01
48	355	0.28735632183908
51	352	1
69	273	1
30	330	0.01
24	332	1
9	349	0.01
48	356	0.28735632183908
51	359	1
69	272	1
30	331	0.01
24	333	1
9	348	0.01
48	357	0.28735632183908
51	358	1
69	275	1
30	328	0.01
24	334	1
9	351	0.01
48	358	0.28735632183908
51	357	1
69	274	1
30	329	0.01
24	335	1
9	350	0.01
48	359	0.28735632183908
51	356	1
30	326	0.01
24	320	1
9	337	0.01
48	360	0.28735632183908
51	363	0.01
30	327	0.01
24	321	1
9	336	0.01
48	361	1
51	362	0.01
30	324	0.01
24	322	1
9	339	0.01
48	362	1
51	361	0.01
30	325	0.01
24	323	1
9	338	0.01
48	363	1
51	360	1
51	367	0.202839756592292
30	322	0.01
24	324	1
9	341	0.01
48	364	1
30	323	0.01
24	325	1
9	340	0.01
48	365	1
51	366	0.01
30	320	0.01
24	326	1
9	343	0.01
48	366	1
51	365	0.01
30	321	0.01
24	327	1
9	342	0.01
48	367	1
51	364	0.01
30	382	0.01
9	361	0.01
48	336	1
51	339	1
30	383	0.01
9	360	0.01
48	337	1
51	338	1
9	363	0.01
48	338	1
51	337	1
9	362	0.01
48	339	1
51	336	1
9	365	0.01
48	340	1
51	343	1
9	364	0.01
48	341	1
51	342	1
9	367	0.01
48	342	1
51	341	1
9	366	0.01
48	343	1
51	340	1
30	374	0.01
9	353	0.01
48	344	1
51	347	1
30	375	0.01
9	352	0.01
48	345	1
51	346	1
30	372	0.01
9	355	0.01
48	346	1
51	345	1
30	373	0.01
9	354	0.01
48	347	1
51	344	1
30	370	0.01
9	357	0.01
48	348	1
51	351	1
48	349	1
30	371	0.01
9	356	0.01
51	350	1
48	350	1
30	368	0.01
9	359	0.01
51	349	1
48	351	1
30	369	0.01
9	358	0.01
51	348	1
30	366	0.01
9	377	0.01
48	320	1
51	323	1
30	367	0.01
9	376	0.01
51	322	1
30	364	0.01
9	379	0.01
51	321	1
30	365	0.01
9	378	0.01
51	320	1
30	362	0.01
9	381	0.01
51	327	1
30	363	0.01
9	380	0.01
48	325	1
51	326	1
30	360	0.01
9	383	0.170940170940171
48	326	1
51	325	1
30	361	0.01
9	382	0.01
48	327	1
51	324	1
30	358	0.01
9	369	0.01
48	328	1
51	331	1
30	359	0.01
9	368	0.01
48	329	1
51	330	1
30	356	0.01
9	371	0.01
48	330	1
51	329	1
30	357	0.01
9	370	0.01
48	331	1
51	328	1
30	354	0.01
9	373	0.01
48	332	1
51	335	1
30	355	0.01
9	372	0.01
48	333	1
51	334	1
30	352	0.01
9	375	0.01
48	334	1
51	333	1
30	353	0.01
9	374	0.01
48	335	1
51	332	1
9	393	0.0213675213675214
51	435	0.01
9	392	0.0213675213675214
51	434	0.0316055625790139
9	395	0.0213675213675214
51	433	0.0316055625790139
9	394	0.0213675213675214
51	432	0.0316055625790139
9	397	0.0213675213675214
51	439	0.01
9	396	0.0213675213675214
51	438	0.01
9	399	0.01
51	437	0.01
9	398	0.01
51	436	0.01
9	385	0.170940170940171
51	443	0.01
48	441	1
9	384	0.170940170940171
51	442	0.01
48	442	1
9	387	0.170940170940171
51	441	0.01
48	443	1
9	386	0.170940170940171
51	440	0.01
51	447	0.0162786911932281
48	444	1
9	389	0.170940170940171
51	446	0.0162786911932281
9	388	0.170940170940171
48	445	0.520833333333333
9	391	0.170940170940171
48	446	0.520833333333333
51	445	0.01
9	390	0.170940170940171
48	447	0.520833333333333
51	444	0.01
9	409	0.0213675213675214
48	416	1
51	419	0.01
9	408	0.0213675213675214
48	417	1
51	418	0.01
9	411	0.01
30	396	1
48	418	1
51	417	0.0434782608695652
9	410	0.01
48	419	1
51	416	0.0434782608695652
9	413	0.01
30	394	0.01
48	420	1
51	423	0.01
9	412	0.01
30	395	1
48	421	1
51	422	0.01
9	415	0.01
30	392	0.01
48	422	1
51	421	0.01
9	414	0.01
30	393	0.01
48	423	1
51	420	0.01
30	390	0.01
9	401	0.01
48	424	1
51	427	0.01
30	391	0.01
9	400	0.01
51	426	0.01
30	388	0.01
9	403	0.01
51	425	0.01
30	389	0.01
9	402	0.01
51	424	0.01
30	386	0.01
9	405	0.0213675213675214
51	431	0.0316055625790139
30	387	0.01
9	404	0.0213675213675214
51	430	0.0316055625790139
30	384	0.01
9	407	0.0213675213675214
51	429	0.0316055625790139
30	385	0.01
9	406	0.0213675213675214
51	428	0.0316055625790139
9	425	0.156494522691706
9	424	0.156494522691706
9	427	0.156494522691706
9	426	0.156494522691706
48	403	1
51	400	0.01
9	429	0.156494522691706
48	404	1
51	407	0.01
9	428	0.156494522691706
48	405	1
9	431	0.156494522691706
48	406	1
9	430	0.156494522691706
48	407	1
9	417	0.01
48	408	1
51	411	0.0434782608695652
9	416	0.01
48	409	1
51	410	0.01
9	419	0.01
48	410	1
51	409	0.01
9	418	0.01
48	411	1
51	408	0.01
9	421	0.156494522691706
48	412	1
51	415	0.0434782608695652
9	420	0.01
48	413	1
51	414	0.0434782608695652
9	423	0.156494522691706
48	414	1
51	413	0.0434782608695652
9	422	0.156494522691706
48	415	1
51	412	0.0434782608695652
9	441	1
48	384	1
51	387	0.0100441944556047
9	440	1
48	385	1
51	386	0.0100441944556047
9	443	1
48	386	1
51	385	0.0100441944556047
9	442	1
51	384	0.0100441944556047
9	445	1
51	391	0.0131406044678055
9	444	1
51	390	0.0100441944556047
9	447	1
51	389	0.0100441944556047
9	446	1
48	391	1
51	388	0.0100441944556047
69	509	0.01
9	433	1
48	392	1
51	395	0.01
69	508	0.01
9	432	1
48	393	1
51	394	0.0131406044678055
69	511	0.01
9	435	1
48	394	1
51	393	0.0131406044678055
69	510	0.01
9	434	1
48	395	1
51	392	0.0131406044678055
9	437	1
48	396	1
51	399	0.01
9	436	1
48	397	1
51	398	0.01
9	439	1
48	398	1
51	397	0.01
9	438	1
51	396	0.01
9	457	1
51	499	0.01
48	497	1
9	456	1
51	498	0.01
48	498	1
9	459	1
51	497	0.01
48	499	1
9	458	1
51	496	0.01
48	500	1
9	461	0.133333333333333
51	503	0.01
9	460	1
51	502	0.01
9	463	0.133333333333333
51	501	0.01
9	462	0.133333333333333
51	500	0.01
51	507	0.254452926208651
9	449	1
48	505	1
51	506	0.254452926208651
9	448	1
48	506	1
51	505	0.254452926208651
9	451	1
48	507	1
9	450	1
51	504	0.01
48	508	1
51	511	0.254452926208651
9	453	1
51	510	0.254452926208651
9	452	1
48	509	1
51	509	0.254452926208651
9	455	1
48	510	1
51	508	0.254452926208651
9	454	1
48	511	1
48	480	1
9	473	0.132978723404255
51	483	0.01
48	481	1
9	472	0.132978723404255
51	482	0.01
48	482	1
9	475	0.01
51	481	0.01
9	474	0.132978723404255
51	480	0.01
9	477	0.01
51	487	0.01
9	476	0.01
51	486	0.01
9	479	0.01
51	485	0.01
48	487	1
9	478	0.01
51	484	0.01
48	488	1
9	465	0.133333333333333
51	491	0.01
48	489	1
9	464	0.133333333333333
51	490	0.01
48	490	1
9	467	0.133333333333333
51	489	0.01
48	491	1
9	466	0.133333333333333
51	488	0.01
48	492	1
9	469	0.133333333333333
51	495	0.01
9	468	0.133333333333333
51	494	0.01
9	471	0.132978723404255
51	493	0.01
9	470	0.132978723404255
51	492	0.01
9	489	0.01
48	464	1
51	467	0.01
9	488	0.01
51	466	0.01
9	491	0.01
51	465	0.01
48	467	1
9	490	0.01
51	464	0.01
48	468	1
9	493	0.01
51	471	0.01
48	469	1
9	492	0.01
51	470	0.01
48	470	1
9	495	0.01
51	469	0.01
48	471	1
9	494	0.01
51	468	0.01
48	472	1
9	481	0.01
51	475	0.01
9	480	0.01
51	474	0.01
9	483	0.01
51	473	0.01
9	482	0.01
51	472	0.01
9	485	0.01
51	479	0.01
48	477	1
9	484	0.01
51	478	0.01
48	478	1
9	487	0.01
51	477	0.01
48	479	1
9	486	0.01
51	476	0.01
51	451	0.01
9	505	0.01
48	448	0.520833333333333
51	450	0.01
9	504	0.01
48	449	0.520833333333333
51	449	0.0162786911932281
9	507	0.01
48	450	0.520833333333333
51	448	0.0162786911932281
9	506	0.01
48	451	0.520833333333333
9	509	0.01
48	452	0.520833333333333
51	455	0.01
9	508	0.01
51	454	0.01
9	511	0.01
51	453	0.01
9	510	0.01
51	452	0.01
9	497	0.01
51	459	0.01
9	496	0.01
51	458	0.01
9	499	0.01
51	457	0.01
9	498	0.01
51	456	0.01
9	501	0.01
51	463	0.01
9	500	0.01
51	462	0.01
9	503	0.01
51	461	0.01
9	502	0.01
48	463	1
51	460	0.01
9	521	1
69	581	1
48	560	1
51	563	0.01
9	520	1
69	580	1
48	561	1
51	562	0.01
9	523	1
69	583	1
48	562	1
51	561	0.01
9	522	1
69	582	1
48	563	1
51	560	0.01
9	525	1
69	577	1
48	564	1
51	567	0.01
9	524	1
69	576	1
51	566	0.01
9	527	1
69	579	1
51	565	0.01
9	526	1
69	578	1
51	564	0.01
9	513	0.01
51	571	0.130378096479791
69	589	1
9	512	0.01
51	570	0.130378096479791
69	588	1
9	515	0.01
69	591	1
51	569	0.01
9	514	0.01
69	590	1
48	571	1
51	568	0.01
9	517	0.01
51	575	0.130378096479791
69	585	1
48	572	1
9	516	0.01
51	574	0.130378096479791
69	584	1
48	573	1
9	519	0.01
51	573	0.130378096479791
69	587	1
48	574	1
9	518	0.01
51	572	0.130378096479791
69	586	1
48	575	1
9	537	0.0200320512820513
69	597	1
48	544	1
51	547	0.01
9	536	0.0200320512820513
69	596	1
48	545	1
51	546	0.01
9	539	0.0200320512820513
69	599	1
48	546	1
51	545	0.01
9	538	0.0200320512820513
69	598	1
48	547	1
51	544	0.01
9	541	0.16025641025641
69	593	1
48	548	1
51	551	0.01
9	540	0.0200320512820513
69	592	1
48	549	1
51	550	0.01
9	543	0.16025641025641
69	595	1
48	550	1
51	549	0.01
9	542	0.16025641025641
69	594	1
51	548	0.01
9	529	0.16025641025641
51	555	0.01
9	528	1
51	554	0.01
9	531	0.16025641025641
51	553	0.01
9	530	0.16025641025641
51	552	0.01
9	533	0.16025641025641
69	601	1
51	559	0.01
9	532	0.16025641025641
69	600	1
48	557	1
51	558	0.01
9	535	0.0200320512820513
48	558	1
51	557	0.01
9	534	0.16025641025641
48	559	1
51	556	0.01
9	553	0.01
51	531	0.01
9	552	0.01
51	530	0.01
9	555	0.01
51	529	0.01
9	554	0.01
51	528	0.01
9	557	0.01
51	535	0.01
9	556	0.01
51	534	0.01
9	559	0.132978723404255
51	533	0.01
9	558	0.132978723404255
51	532	0.01
9	545	0.16025641025641
51	539	0.01
9	544	0.16025641025641
51	538	0.01
9	547	0.01
51	537	0.01
9	546	0.16025641025641
51	536	0.01
9	549	0.01
51	543	0.01
9	548	0.01
51	542	0.01
9	551	0.01
51	541	0.01
9	550	0.01
48	543	1
51	540	0.01
51	515	0.254452926208651
9	569	1
48	512	1
51	514	0.254452926208651
9	568	0.133333333333333
48	513	1
51	513	0.254452926208651
9	571	1
48	514	1
51	512	0.254452926208651
9	570	1
48	515	1
9	573	1
48	516	1
51	519	0.01
9	572	1
51	518	0.01
51	517	0.254452926208651
9	575	1
51	516	0.254452926208651
9	574	1
9	561	0.132978723404255
51	523	0.01
9	560	0.132978723404255
51	522	0.01
9	563	0.132978723404255
51	521	0.01
9	562	0.132978723404255
51	520	0.01
9	565	0.133333333333333
51	527	0.01
9	564	0.133333333333333
51	526	0.01
9	567	0.133333333333333
51	525	0.01
9	566	0.133333333333333
51	524	0.01
9	585	1
51	627	0.01
9	584	1
51	626	0.01
9	587	1
51	625	0.0102030405060708
9	586	1
51	624	0.0102030405060708
9	589	1
69	513	0.01
51	631	0.01
9	588	1
69	512	0.01
51	630	0.01
9	591	1
51	629	0.01
9	590	1
51	628	0.01
9	577	1
69	525	0.0443262411347518
51	635	0.01
9	576	1
69	524	0.0443262411347518
51	634	0.01
9	579	1
69	527	0.0443262411347518
51	633	0.01
9	578	1
69	526	0.0443262411347518
51	632	0.01
9	581	1
51	639	0.01
9	580	1
51	638	0.01
9	583	1
51	637	0.01
9	582	1
51	636	0.01
9	601	1
69	533	0.0886524822695035
48	608	1
51	611	0.0102030405060708
9	600	1
51	610	0.130378096479791
69	532	0.0886524822695035
48	609	1
9	603	1
51	609	0.130378096479791
69	535	0.0886524822695035
48	610	1
9	602	1
51	608	0.130378096479791
69	534	0.0886524822695035
48	611	1
9	605	1
69	529	0.0443262411347518
48	612	1
51	615	0.0102030405060708
9	604	1
69	528	0.0443262411347518
48	613	1
51	614	0.0102030405060708
9	607	1
69	531	0.0886524822695035
48	614	1
51	613	0.0102030405060708
9	606	1
69	530	0.0886524822695035
51	612	0.0102030405060708
9	593	1
69	541	0.0886524822695035
51	619	0.0102030405060708
9	592	1
69	540	0.0886524822695035
51	618	0.0102030405060708
9	595	1
69	543	0.0886524822695035
51	617	0.0102030405060708
9	594	1
69	542	0.0886524822695035
51	616	0.0102030405060708
9	597	1
69	537	0.0886524822695035
51	623	0.0102030405060708
9	596	1
69	536	0.0886524822695035
51	622	0.0102030405060708
9	599	1
69	539	0.0886524822695035
51	621	0.0102030405060708
9	598	1
69	538	0.0886524822695035
51	620	0.0102030405060708
9	617	0.0886524822695035
51	595	0.130378096479791
69	549	0.0886524822695035
9	616	1
51	594	0.130378096479791
69	548	0.0886524822695035
48	593	1
9	619	0.0886524822695035
51	593	0.130378096479791
69	551	0.0886524822695035
48	594	1
9	618	0.0886524822695035
51	592	0.130378096479791
69	550	0.0886524822695035
48	595	1
9	621	0.0886524822695035
51	599	0.130378096479791
69	545	0.0886524822695035
48	596	1
9	620	0.0886524822695035
51	598	0.130378096479791
69	544	0.0886524822695035
9	623	1
51	597	0.130378096479791
69	547	0.0886524822695035
9	622	0.0886524822695035
51	596	0.130378096479791
69	546	0.0886524822695035
9	609	1
51	603	0.130378096479791
69	557	1
9	608	1
51	602	0.130378096479791
69	556	1
9	611	1
51	601	0.130378096479791
9	610	1
51	600	0.130378096479791
48	603	1
9	613	1
51	607	0.130378096479791
69	553	0.0886524822695035
48	604	1
9	612	1
51	606	0.130378096479791
69	552	0.0886524822695035
48	605	1
9	615	1
51	605	0.130378096479791
69	555	1
48	606	1
9	614	1
51	604	0.130378096479791
69	554	1
48	607	1
9	633	0.0886524822695035
51	579	0.130378096479791
69	565	1
48	576	1
9	632	0.0886524822695035
51	578	0.130378096479791
69	564	1
48	577	1
9	635	0.0886524822695035
51	577	0.130378096479791
69	567	1
48	578	1
9	634	0.0886524822695035
51	576	0.130378096479791
69	566	1
48	579	1
9	637	0.0886524822695035
51	583	0.130378096479791
69	561	1
48	580	1
9	636	0.0886524822695035
51	582	0.130378096479791
69	560	1
48	581	1
9	639	0.0886524822695035
51	581	0.130378096479791
69	563	1
48	582	1
9	638	0.0886524822695035
51	580	0.130378096479791
69	562	1
48	583	1
9	625	1
51	587	0.130378096479791
69	573	1
48	584	1
9	624	1
51	586	0.130378096479791
69	572	1
9	627	0.0886524822695035
51	585	0.130378096479791
69	575	1
9	626	0.0886524822695035
51	584	0.130378096479791
69	574	1
9	629	0.0886524822695035
51	591	0.130378096479791
69	569	1
9	628	0.0886524822695035
51	590	0.130378096479791
69	568	1
9	631	0.0886524822695035
51	589	0.130378096479791
69	571	1
9	630	0.0886524822695035
51	588	0.130378096479791
69	570	1
9	649	0.01
51	691	0.01
9	648	0.01
51	690	0.01
9	651	0.01
51	689	0.01
9	650	0.01
51	688	0.01
9	653	0.01
51	695	0.01
9	652	0.01
51	694	0.01
9	655	0.01
51	693	0.01
9	654	0.01
51	692	0.01
9	641	0.0886524822695035
51	699	0.01
9	640	0.0886524822695035
51	698	0.01
9	643	0.0886524822695035
51	697	0.01
9	642	0.0886524822695035
51	696	0.01
9	645	0.01
51	703	0.01
9	644	0.01
51	702	0.01
9	647	0.01
51	701	0.01
9	646	0.01
51	700	0.01
9	665	0.01
51	675	0.01
9	664	0.01
51	674	0.01
9	667	0.01
51	673	0.01
9	666	0.01
51	672	0.01
9	669	0.01
51	679	0.01
9	668	0.01
51	678	0.01
9	671	0.01
51	677	0.01
9	670	0.01
51	676	0.01
9	657	0.01
51	683	0.01
9	656	0.01
51	682	0.01
9	659	0.01
51	681	0.01
9	658	0.01
51	680	0.01
9	661	0.01
51	687	0.01
9	660	0.01
51	686	0.01
9	663	0.01
51	685	0.01
9	662	0.01
51	684	0.01
9	681	0.01
51	659	0.01
9	680	0.01
51	658	0.01
9	683	0.01
51	657	0.01
9	682	0.01
51	656	0.01
9	685	0.01
30	698	1
51	663	0.01
9	684	0.01
30	699	1
51	662	0.01
9	687	0.01
30	696	1
51	661	0.01
9	686	0.01
30	697	1
51	660	0.01
9	673	0.01
30	694	1
51	667	0.01
9	672	0.01
30	695	1
51	666	0.01
9	675	0.01
51	665	0.01
9	674	0.01
51	664	0.01
9	677	0.01
51	671	0.01
9	676	0.01
51	670	0.01
9	679	0.01
51	669	0.01
9	678	0.01
51	668	0.01
9	697	0.01
51	643	0.01
9	696	0.01
51	642	0.01
9	699	0.01
51	641	0.01
9	698	0.01
51	640	0.01
9	701	0.01
51	647	0.01
9	700	0.01
51	646	0.01
9	703	0.01
51	645	0.01
9	702	0.01
51	644	0.01
9	689	0.01
51	651	0.01
9	688	0.01
51	650	0.01
9	691	0.01
51	649	0.01
9	690	0.01
51	648	0.01
9	693	0.01
51	655	0.01
9	692	0.01
51	654	0.01
9	695	0.01
51	653	0.01
9	694	0.01
51	652	0.01
9	713	0.181159420289855
48	752	1
51	755	0.01
9	712	0.181159420289855
48	753	1
51	754	0.01
9	715	0.181159420289855
48	754	1
51	753	0.01
9	714	0.181159420289855
48	755	1
51	752	0.01
9	717	0.181159420289855
51	759	0.01
9	716	0.181159420289855
51	758	0.01
9	719	0.181159420289855
51	757	0.01
9	718	0.181159420289855
51	756	0.01
9	705	0.01
48	760	1
51	763	0.01
9	704	0.01
48	761	1
51	762	0.01
9	707	0.01
48	762	1
51	761	0.01
9	706	0.01
48	763	1
51	760	0.01
9	709	0.01
48	764	1
51	767	0.01
9	708	0.01
48	765	1
51	766	0.01
9	711	0.181159420289855
51	765	0.01
9	710	0.01
51	764	0.01
9	729	0.01
51	739	0.0184672206832872
9	728	0.01
51	738	0.0184672206832872
9	731	0.01
51	737	0.0184672206832872
9	730	0.01
51	736	0.0184672206832872
9	733	0.01
51	743	0.0184672206832872
9	732	0.01
51	742	0.0184672206832872
9	735	0.01
51	741	0.0184672206832872
9	734	0.01
51	740	0.0184672206832872
9	721	0.181159420289855
51	747	0.01
9	720	0.181159420289855
51	746	0.01
9	723	0.0452898550724638
51	745	0.01
9	722	0.0452898550724638
51	744	0.0184672206832872
9	725	0.0452898550724638
51	751	0.01
9	724	0.0452898550724638
51	750	0.01
9	727	0.01
48	750	1
51	749	0.01
9	726	0.0452898550724638
48	751	1
51	748	0.01
9	745	0.01
51	723	0.01
9	744	0.01
51	722	0.01
9	747	0.01
51	721	0.01
9	746	0.01
51	720	0.01
9	749	0.01
51	727	0.01
9	748	0.01
51	726	0.01
9	751	0.01
51	725	0.01
9	750	0.01
51	724	0.01
9	737	0.01
51	731	0.01
9	736	0.01
51	730	0.01
9	739	0.0452898550724638
51	729	0.01
9	738	0.0452898550724638
51	728	0.01
9	741	0.0452898550724638
51	735	0.0184672206832872
9	740	0.0452898550724638
51	734	0.0184672206832872
9	743	0.01
51	733	0.0184672206832872
9	742	0.0452898550724638
51	732	0.0184672206832872
9	761	0.181159420289855
51	707	0.01
9	760	0.181159420289855
51	706	0.01
9	763	0.181159420289855
51	705	0.01
9	762	0.181159420289855
51	704	0.01
9	765	0.181159420289855
51	711	0.01
9	764	0.181159420289855
51	710	0.01
9	767	1
51	709	0.01
9	766	1
51	708	0.01
9	753	0.01
51	715	0.01
9	752	0.01
51	714	0.01
9	755	0.0452898550724638
51	713	0.01
9	754	0.0452898550724638
51	712	0.01
9	757	0.0452898550724638
51	719	0.01
9	756	0.0452898550724638
51	718	0.01
9	759	0.181159420289855
51	717	0.01
9	758	0.0452898550724638
51	716	0.01
9	777	1
51	819	0.01
48	816	1
9	776	1
51	818	0.01
48	817	1
9	779	0.161030595813205
51	817	0.01
48	818	1
9	778	1
51	816	0.01
48	819	1
9	781	0.161030595813205
51	823	0.01
48	820	1
9	780	0.161030595813205
51	822	0.01
48	821	1
9	783	0.161030595813205
51	821	0.01
48	822	1
9	782	0.161030595813205
51	820	0.01
48	823	1
9	769	1
51	827	0.01
48	824	1
9	768	1
51	826	0.01
48	825	1
9	771	1
51	825	0.01
48	826	1
9	770	1
51	824	0.01
48	827	1
9	773	1
51	831	0.01
48	828	1
9	772	1
51	830	0.01
48	829	1
9	775	1
51	829	0.01
48	830	1
9	774	1
51	828	0.01
9	793	0.01
51	803	0.01
9	792	0.01
51	802	0.01
9	795	0.01
51	801	0.01
9	794	0.01
51	800	0.01
48	804	1
9	797	0.01
51	807	0.01
48	805	1
9	796	0.01
51	806	0.01
48	806	1
9	799	0.01
51	805	0.01
48	807	1
9	798	0.01
51	804	0.01
9	785	0.161030595813205
51	811	0.01
48	808	0.198019801980198
9	784	0.161030595813205
51	810	0.01
48	809	0.198019801980198
9	787	0.161030595813205
51	809	0.01
48	810	0.198019801980198
9	786	0.161030595813205
51	808	0.01
48	811	0.198019801980198
9	789	0.161030595813205
51	815	0.01
48	812	0.198019801980198
9	788	0.161030595813205
51	814	0.01
48	813	0.198019801980198
9	791	0.01
51	813	0.01
48	814	1
9	790	0.01
51	812	0.01
48	815	1
9	809	0.161030595813205
51	787	0.01
9	808	0.161030595813205
51	786	0.01
9	811	0.161030595813205
51	785	0.01
9	810	0.161030595813205
51	784	0.01
9	813	0.161030595813205
48	788	0.198019801980198
51	791	0.01
9	812	0.161030595813205
48	789	0.198019801980198
51	790	0.01
9	815	1
48	790	0.198019801980198
51	789	0.01
9	814	1
48	791	0.198019801980198
51	788	0.01
9	801	0.01
48	792	0.198019801980198
51	795	0.01
9	800	0.01
48	793	0.198019801980198
51	794	0.01
9	803	0.01
51	793	0.01
9	802	0.01
51	792	0.01
9	805	0.01
51	799	0.01
9	804	0.01
51	798	0.01
9	807	0.161030595813205
51	797	0.01
9	806	0.01
51	796	0.01
9	825	0.390625
51	771	0.01
9	824	1
51	770	0.01
9	827	0.390625
48	770	1
51	769	0.01
9	826	0.390625
48	771	1
51	768	0.01
9	829	0.390625
48	772	1
51	775	0.01
9	828	0.390625
48	773	1
51	774	0.01
9	831	0.390625
48	774	1
51	773	0.01
9	830	0.390625
48	775	1
51	772	0.01
9	817	1
48	776	1
51	779	0.01
9	816	1
48	777	1
51	778	0.01
9	819	1
48	778	0.198019801980198
51	777	0.01
9	818	1
48	779	0.198019801980198
51	776	0.01
9	821	1
48	780	0.198019801980198
51	783	0.01
9	820	1
48	781	0.198019801980198
51	782	0.01
9	823	1
48	782	0.198019801980198
51	781	0.01
9	822	1
48	783	0.198019801980198
51	780	0.01
9	841	1
51	883	0.01
9	840	1
51	882	0.01
9	843	0.0886524822695035
51	881	0.01
9	842	1
51	880	0.01
9	845	0.0886524822695035
51	887	0.01
9	844	0.0886524822695035
51	886	0.01
9	847	0.0886524822695035
51	885	0.01
48	886	1
9	846	0.0886524822695035
51	884	0.01
48	887	1
9	833	0.390625
51	891	0.01
48	888	1
9	832	0.390625
51	890	0.01
48	889	1
9	835	0.390625
51	889	0.01
48	890	1
9	834	0.390625
51	888	0.01
48	891	1
9	837	1
51	895	0.01
48	892	1
9	836	1
51	894	0.01
48	893	1
9	839	1
51	893	0.01
48	894	1
9	838	1
51	892	0.01
48	895	1
9	857	1
51	867	0.01
9	856	1
51	866	0.01
9	859	1
51	865	0.01
9	858	1
51	864	0.01
9	861	1
51	871	0.01
9	860	1
51	870	0.01
9	863	1
51	869	0.01
9	862	1
51	868	0.01
9	849	0.0886524822695035
51	875	0.01
9	848	0.0886524822695035
51	874	0.01
9	851	0.0886524822695035
51	873	0.01
9	850	0.0886524822695035
51	872	0.01
9	853	0.0886524822695035
51	879	0.01
9	852	0.0886524822695035
51	878	0.01
9	855	1
51	877	0.01
9	854	0.0886524822695035
51	876	0.01
9	873	1
51	851	0.01
9	872	1
51	850	0.01
9	875	1
51	849	0.01
9	874	1
51	848	0.01
9	877	1
51	855	0.01
9	876	1
51	854	0.01
9	879	1
51	853	0.01
9	878	1
51	852	0.01
9	865	1
51	859	0.01
9	864	1
51	858	0.01
9	867	1
51	857	0.01
9	866	1
51	856	0.01
9	869	1
51	863	0.01
9	868	1
51	862	0.01
9	871	1
51	861	0.01
9	870	1
51	860	0.01
9	889	1
51	835	0.01
9	888	1
51	834	0.01
9	891	1
51	833	0.01
9	890	1
51	832	0.01
48	835	1
9	893	1
51	839	0.01
48	836	1
9	892	1
51	838	0.01
48	837	1
9	895	1
51	837	0.01
48	838	1
9	894	1
51	836	0.01
48	839	1
9	881	1
51	843	0.01
48	840	1
9	880	1
51	842	0.01
48	841	1
9	883	1
51	841	0.01
9	882	1
51	840	0.01
9	885	1
51	847	0.01
9	884	1
51	846	0.01
9	887	1
51	845	0.01
9	886	1
51	844	0.01
9	905	0.156494522691706
51	947	0.0161134386077989
9	904	0.156494522691706
51	946	0.0161134386077989
9	907	0.156494522691706
51	945	0.0161134386077989
9	906	0.156494522691706
51	944	0.0161134386077989
9	909	0.156494522691706
51	951	0.0161134386077989
9	908	0.156494522691706
51	950	0.0161134386077989
9	911	0.156494522691706
51	949	0.0161134386077989
9	910	0.156494522691706
51	948	0.0161134386077989
9	897	1
51	955	0.0161134386077989
9	896	1
51	954	0.0161134386077989
9	899	1
51	953	0.0161134386077989
9	898	1
51	952	0.0161134386077989
9	901	1
51	959	0.01
9	900	1
51	958	0.01
9	903	0.156494522691706
51	957	0.01
9	902	1
51	956	0.0161134386077989
9	921	0.01
51	931	0.01
9	920	0.01
51	930	0.01
9	923	0.01
51	929	0.01
9	922	0.01
51	928	0.01
9	925	0.01
51	935	0.01
9	924	0.01
51	934	0.01
9	927	0.01
51	933	0.01
9	926	0.01
51	932	0.01
9	913	0.156494522691706
51	939	0.01
9	912	0.156494522691706
51	938	0.01
9	915	0.156494522691706
51	937	0.01
9	914	0.156494522691706
51	936	0.01
9	917	0.156494522691706
51	943	0.01
9	916	0.156494522691706
51	942	0.01
9	919	0.01
51	941	0.01
9	918	0.156494522691706
51	940	0.01
9	937	0.01
51	915	0.01
9	936	0.01
51	914	0.01
9	939	0.01
51	913	0.01
9	938	0.01
51	912	0.01
9	941	0.01
51	919	0.01
9	940	0.01
51	918	0.01
9	943	0.01
51	917	0.01
9	942	0.01
51	916	0.01
9	929	0.01
51	923	0.01
9	928	0.01
51	922	0.01
9	931	0.01
51	921	0.01
9	930	0.01
51	920	0.01
9	933	0.01
51	927	0.01
9	932	0.01
51	926	0.01
9	935	0.01
51	925	0.01
9	934	0.01
51	924	0.01
9	953	0.01
51	899	0.01
48	896	1
9	952	0.01
51	898	0.01
48	897	1
9	955	0.01
51	897	0.01
9	954	0.01
51	896	0.01
9	957	0.01
51	903	0.01
48	900	1
9	956	0.01
51	902	0.01
48	901	1
9	959	0.01
51	901	0.01
9	958	0.01
51	900	0.01
9	945	0.01
51	907	0.01
9	944	0.01
51	906	0.01
9	947	0.01
51	905	0.01
9	946	0.01
51	904	0.01
9	949	0.01
51	911	0.01
9	948	0.01
51	910	0.01
9	951	0.01
51	909	0.01
9	950	0.01
51	908	0.01
9	969	0.01
9	968	0.01
9	971	0.01
9	970	0.01
9	973	0.01
9	972	0.01
9	975	0.01
9	974	0.01
9	961	0.01
9	960	0.01
9	963	0.01
9	962	0.01
9	965	0.01
9	964	0.01
9	967	0.01
9	966	0.01
9	985	0.01
9	984	0.01
9	987	0.01
9	986	0.01
9	989	0.172711571675302
9	988	0.172711571675302
9	991	0.172711571675302
9	990	0.172711571675302
9	977	0.01
9	976	0.01
9	979	0.01
9	978	0.01
9	981	0.01
9	980	0.01
9	983	0.01
9	982	0.01
9	1001	0.0215889464594128
9	1000	0.0215889464594128
9	1003	0.01
9	1002	0.0215889464594128
9	1005	0.01
9	1004	0.01
9	1007	0.01
9	1006	0.01
9	993	0.172711571675302
9	992	0.172711571675302
9	995	0.172711571675302
9	994	0.172711571675302
9	997	0.0215889464594128
9	996	0.172711571675302
9	999	0.0215889464594128
9	998	0.0215889464594128
9	1017	0.0215889464594128
51	963	0.01
9	1016	0.0215889464594128
51	962	0.01
9	1019	0.0215889464594128
51	961	0.01
9	1018	0.0215889464594128
51	960	0.01
9	1021	0.134952766531714
51	967	0.01
9	1020	0.0215889464594128
51	966	0.01
9	1023	0.134952766531714
51	965	0.01
9	1022	0.134952766531714
51	964	0.01
9	1009	0.01
9	1008	0.01
9	1011	0.01
51	969	0.01
9	1010	0.01
51	968	0.01
9	1013	0.01
9	1012	0.01
9	1015	0.0215889464594128
9	1014	0.01
9	1033	0.0338753387533875
9	1032	0.13550135501355
9	1035	0.0338753387533875
9	1034	0.0338753387533875
9	1037	0.0338753387533875
9	1036	0.0338753387533875
9	1039	0.01
9	1038	0.0338753387533875
9	1025	0.13550135501355
9	1024	0.13550135501355
9	1027	0.13550135501355
9	1026	0.13550135501355
9	1029	0.13550135501355
9	1028	0.13550135501355
9	1031	0.13550135501355
9	1030	0.13550135501355
9	1049	0.0338753387533875
9	1048	0.0338753387533875
9	1051	0.0338753387533875
9	1050	0.0338753387533875
9	1053	0.0338753387533875
9	1052	0.0338753387533875
9	1055	0.0338753387533875
9	1054	0.0338753387533875
9	1041	0.01
9	1040	0.01
9	1043	0.01
9	1042	0.01
9	1045	0.0338753387533875
9	1044	0.01
9	1047	0.0338753387533875
9	1046	0.0338753387533875
9	1065	0.0338753387533875
9	1064	0.0338753387533875
9	1067	0.0338753387533875
9	1066	0.0338753387533875
9	1069	1
9	1068	0.0338753387533875
9	1071	1
9	1070	1
9	1057	0.01
9	1056	0.0338753387533875
9	1059	0.01
9	1058	0.01
9	1061	0.01
9	1060	0.01
9	1063	0.0338753387533875
9	1062	0.01
9	1081	1
9	1080	1
9	1083	1
9	1082	1
9	1085	0.260416666666667
9	1084	0.260416666666667
9	1087	0.260416666666667
9	1086	0.260416666666667
9	1073	1
9	1072	1
9	1075	1
9	1074	1
9	1077	1
9	1076	1
9	1079	1
9	1078	1
9	1097	0.01
9	1096	0.01
9	1099	0.01
9	1098	0.01
9	1101	0.01
9	1100	0.01
9	1103	0.01
9	1102	0.01
9	1089	0.260416666666667
9	1088	0.260416666666667
9	1091	1
9	1090	1
9	1093	1
9	1092	1
9	1095	1
9	1094	1
9	1113	0.156494522691706
9	1112	0.156494522691706
9	1115	0.156494522691706
9	1114	0.156494522691706
9	1117	0.156494522691706
9	1116	0.156494522691706
9	1119	0.156494522691706
9	1118	0.156494522691706
9	1105	0.01
9	1104	0.01
9	1107	0.01
9	1106	0.01
9	1109	0.156494522691706
9	1108	0.01
9	1111	0.156494522691706
9	1110	0.156494522691706
9	1129	1
9	1128	1
9	1131	1
9	1130	1
9	1133	1
9	1132	1
9	1135	1
9	1134	1
9	1121	0.156494522691706
9	1120	0.156494522691706
9	1123	1
9	1122	1
9	1125	1
9	1124	1
9	1127	1
9	1126	1
9	1145	1
9	1144	1
9	1147	1
9	1146	1
9	1149	1
9	1148	1
9	1151	1
9	1150	1
9	1137	1
9	1136	1
9	1139	1
9	1138	1
9	1141	1
9	1140	1
9	1143	1
9	1142	1
51	1203	0.01
9	1161	1
51	1202	0.01
9	1160	1
51	1201	0.01
9	1163	1
51	1200	0.01
9	1162	1
51	1207	0.01
9	1165	1
51	1206	0.01
9	1164	1
51	1205	0.01
9	1167	1
51	1204	0.01
9	1166	1
51	1211	1
9	1153	1
51	1210	1
9	1152	1
51	1209	0.01
9	1155	1
51	1208	0.01
9	1154	1
51	1215	1
9	1157	1
51	1214	1
9	1156	1
51	1213	1
9	1159	1
51	1212	1
9	1158	1
9	1177	1
9	1176	1
9	1179	1
9	1178	1
9	1181	1
9	1180	1
9	1183	1
9	1182	1
9	1169	1
9	1168	1
9	1171	1
9	1170	1
51	1199	0.01
9	1173	1
51	1198	0.01
9	1172	1
51	1197	0.01
9	1175	1
9	1174	1
9	1193	1
9	1192	1
9	1195	1
9	1194	1
9	1197	1
9	1196	1
9	1199	1
9	1198	1
9	1185	1
9	1184	1
9	1187	1
9	1186	1
9	1189	1
9	1188	1
9	1191	1
9	1190	1
9	1201	1
9	1200	1
9	1203	1
9	1202	1
9	1205	1
9	1204	1
9	1207	1
9	1206	1
9	1261	1
9	1260	1
9	1272	1
9	1265	1
9	1264	1
9	1266	1
9	1271	1
57	1657	1
57	1656	1
57	1659	1
57	1658	1
57	1661	1
57	1660	1
57	1663	1
57	1662	1
57	1653	1
57	1655	1
57	1654	1
57	1673	1
57	1672	1
57	1675	1
57	1674	1
57	1677	1
57	1676	1
57	1678	1
57	1665	1
57	1664	1
57	1666	1
