S 0 169 0 169 0.0198372 0.0732456 0.298246 0.225 280 119 620 180
B 1 14 1 190 0.138052 0.226852 0.451852 0.225 74 61 620 180
B 1 16 0 192 0.464195 0.548148 1 0.451852 0 61 74 61
B 1 37 0 213 0.0163362 0.0725138 0.291667 0.219153 289 119 424 119
B 1 44 0 220 0.057738 0.130319 0.421986 0.291667 163 119 289 119
B 1 45 1 221 0.358922 0.440333 0.862319 0.421986 19 119 163 119
R 2 32 4 269 0.138052 0.226852 0.451852 0.225 74 61 620 180
R 2 33 2 270 0.464195 0.548148 1 0.451852 0 61 74 61
R 2 45 2 282 0.0163362 0.0725138 0.291667 0.219153 289 119 424 119
R 2 50 2 287 0.057738 0.130319 0.421986 0.291667 163 119 289 119
R 2 51 4 288 0.358922 0.440333 0.862319 0.421986 19 119 163 119
S 6 24 0 542 0.00825557 0.0603717 0.285372 0.225 298 119 620 180
S 9 867 4 1429 0.0801918 0.137681 1 0.862319 0 66 19 119
S 9 883 0 1445 0.0801918 0.137681 1 0.862319 0 26 19 119
S 9 891 4 1453 0.0801918 0.137681 1 0.862319 0 118 19 119
S 9 1115 4 1677 0.00678675 0.141304 0.891304 0.75 5 41 18 54
S 9 1117 2 1679 0.145488 0.243243 1 0.756757 0 11 18 56
S 9 1126 2 1688 0.148049 0.356745 0.869565 0.512821 3 20 19 20
S 9 1265 4 1827 0.0198372 0.0732456 0.298246 0.225 280 119 620 180
S 9 1266 4 1828 0.0198372 0.0732456 0.298246 0.225 280 119 620 180
B 10 80 0 1917 0.0626327 0.112079 0.337079 0.225 354 180 620 180
B 10 82 1 1919 0.564096 0.608696 1 0.391304 0 61 280 180
B 10 83 1 1920 0.491134 0.564073 0.862319 0.298246 19 119 280 119
B 10 112 1 1949 0.0198372 0.0732456 0.298246 0.225 280 119 620 180
S 15 14 4 2080 0.0339514 0.0811225 0.306122 0.225 408 180 620 180
B 25 15 1 2912 0.00699899 0.0575607 0.282561 0.225 325 128 620 180
S 51 712 1 6840 0.00454427 0.243602 0.470588 0.226986 9 8 613 180
B 52 67 1 7411 0.0861134 0.346965 0.571429 0.224464 6 8 615 178
S 57 1658 4 10352 0.0198372 0.0732456 0.298246 0.225 280 119 620 180
S 57 1665 1 10359 0.010843 0.0616667 0.286667 0.225 321 129 620 180
S 57 1665 4 10359 0.0198372 0.0732456 0.298246 0.225 280 119 620 180
S 69 193 4 10802 0.0198372 0.0732456 0.298246 0.225 280 119 620 180
S 69 199 4 10808 0.0198372 0.0732456 0.298246 0.225 280 119 620 180
